2009.2 517.8 -13.4 33 0 64.2 22.4 10.5 3.5 2 0 3 0 0
2130.8 375.5 -12.0 334 0 104.7 38.3 10.5 0.0 0 0 3 4 4
1929.5 634.0 -16.4 93 0 365.0 111.5 14.0 0.0 0 0 4 0 0
-6027.6 -1918.0 -39.4 1 0 34.5 19.5 7.5 0.0 0 0 3 5 5
-4651.6 -3837.1 -8.3 182 0 34.6 21.9 10.0 0.0 0 0 4 3 3
-4077.8 -1653.9 -28.5 267 0 12.5 25.9 14.0 3.5 2 1 4 3 3
-6879.6 -880.1 -48.1 179 0 4.4 14.5 2.5 2.5 2 1 1 4 4
-6882.2 -979.0 -47.8 358 0 79.2 22.3 7.5 0.0 0 0 3 5 5
-5217.1 -1547.8 -38.0 0 0 14.8 22.6 10.0 2.5 2 1 4 4 4
-5442.1 -785.9 -45.7 271 0 14.4 19.1 7.5 2.5 4 1 3 2 2
-5856.0 -1550.3 -42.1 180 0 31.4 36.2 10.0 0.0 0 1 4 5 5
-5246.7 -1572.6 -37.7 179 0 9.6 23.4 2.5 2.5 2 1 1 4 4
-5256.2 -1392.0 -40.6 180 0 51.5 27.0 7.5 0.0 0 0 3 0 0
-5552.6 -1255.4 -43.9 270 0 112.4 19.2 7.5 0.0 0 0 3 1 1
-5925.1 -1405.5 -43.9 43 0 36.9 31.9 7.5 0.0 0 0 3 5 5
-5223.7 -1184.7 -43.2 270 0 31.2 31.0 10.0 0.0 0 0 4 3 3
-6147.3 896.6 -55.5 90 0 11.9 18.0 7.0 3.5 2 1 2 3 3
-6190.5 858.6 -55.6 90 0 16.0 16.8 10.5 3.5 2 1 3 0 0
-6168.6 942.5 -55.7 89 0 9.8 15.7 7.0 3.5 2 1 2 1 1
-6187.0 961.8 -55.8 89 0 12.0 18.8 14.0 3.5 2 1 4 5 5
-6246.6 700.5 -55.5 90 0 41.3 20.7 7.0 0.0 0 0 2 4 4
-6418.8 24.7 -53.2 89 0 21.5 10.0 10.5 3.5 2 0 3 2 2
-6329.5 320.7 -53.9 90 0 11.3 25.2 10.5 0.0 0 1 3 1 1
-6119.6 845.1 -55.3 89 0 8.3 31.8 10.5 3.5 4 1 3 0 0
-6195.1 1001.7 -56.2 89 0 14.8 19.1 14.0 3.5 2 1 4 4 4
-6306.8 624.6 -55.0 89 0 20.8 38.1 10.5 0.0 0 1 3 4 4
-6700.1 1429.4 -67.5 179 0 61.9 21.3 17.5 3.5 2 0 5 4 4
-6517.7 836.1 -56.1 89 0 11.1 26.6 17.5 3.5 2 1 5 5 5
-6204.4 956.6 -55.8 90 0 9.0 15.8 7.0 3.5 2 1 2 1 1
-6339.2 31.7 -53.0 180 0 14.7 30.3 10.5 3.5 2 1 3 4 4
-6211.3 791.6 -55.5 90 0 9.4 19.0 3.5 3.5 2 1 1 1 1
-6643.4 1422.4 -66.9 359 0 98.7 31.1 17.5 0.0 0 0 5 5 5
-6408.6 45.1 -53.3 0 0 12.5 9.4 10.5 3.5 2 0 3 0 0
-6254.2 1059.0 -56.7 90 0 30.9 13.0 10.5 3.5 2 0 3 2 2
-6117.0 734.6 -55.0 89 0 15.9 26.7 14.0 3.5 2 1 4 1 1
-6241.0 744.8 -55.5 89 0 16.8 18.7 10.5 3.5 4 1 3 5 5
-6188.8 949.2 -55.7 90 0 7.1 12.1 7.0 3.5 4 1 2 0 0
-6702.4 1485.0 -67.2 179 0 17.2 20.9 17.5 3.5 2 1 5 1 1
-6516.4 926.9 -59.8 90 0 8.6 38.6 10.5 3.5 2 1 3 0 0
-6641.5 1511.3 -66.3 359 0 18.3 30.6 17.5 3.5 4 1 5 2 2
-6333.7 -9.3 -52.9 0 0 16.7 14.0 10.5 3.5 2 0 3 3 3
-6144.9 847.6 -55.4 91 0 12.6 28.0 14.0 3.5 2 1 4 2 2
-6225.1 947.5 -55.9 91 0 12.5 27.4 10.5 3.5 2 1 3 5 5
-6223.7 859.3 -55.7 90 0 14.6 16.1 7.0 3.5 2 1 2 3 3
-6339.5 88.3 -53.1 180 0 20.7 37.8 10.5 0.0 0 1 3 3 3
-6259.5 683.2 -55.3 89 0 15.5 16.3 7.0 0.0 0 1 2 4 4
-6193.8 846.6 -55.6 89 0 9.1 11.2 7.0 3.5 2 1 2 1 1
-6128.1 896.3 -55.6 90 0 23.9 40.5 14.0 0.0 0 1 4 4 4
-6248.7 726.9 -55.5 88 0 8.8 13.6 7.0 3.5 2 1 2 0 0
-6158.7 896.7 -55.6 90 0 9.8 23.8 10.5 0.0 0 1 3 5 5
-6480.3 923.6 -59.1 269 0 15.1 37.1 10.5 3.5 2 1 3 5 5
-6162.3 854.0 -55.5 92 0 8.0 16.8 10.5 0.0 0 1 3 0 0
-2750.9 -1942.0 -16.4 176 0 6.5 20.9 10.5 3.5 2 1 3 0 0
-2750.8 -1905.0 -17.0 176 0 13.8 18.1 14.0 0.0 0 1 4 4 4
-2796.2 -1869.4 -18.0 93 0 22.6 13.8 10.5 3.5 4 0 3 2 2
-2779.8 -1922.6 -17.0 356 0 12.5 20.7 10.5 3.5 2 1 3 5 5
-5408.6 -3108.9 -23.4 141 0 16.1 30.1 7.5 2.5 2 1 3 4 4
-6301.6 4173.6 -63.3 2 0 20.7 15.9 10.0 2.5 2 0 4 4 4
-6300.8 4153.4 -63.4 0 0 13.3 18.2 2.5 2.5 2 1 1 2 2
-6302.3 4027.8 -63.8 2 0 12.7 13.4 2.5 2.5 4 1 1 2 2
-6303.4 4075.5 -63.8 2 0 5.9 16.4 7.5 2.5 2 1 3 2 2
-6343.5 4100.3 -63.9 270 0 19.9 12.2 7.5 2.5 2 0 3 1 1
-6352.4 4078.7 -64.0 180 0 12.2 19.9 7.5 2.5 2 1 3 4 4
-6352.3 4064.2 -64.1 180 0 12.2 19.9 5.0 2.5 2 1 2 1 1
-6352.4 4048.6 -64.1 180 0 12.2 19.9 5.0 2.5 2 1 2 3 3
-6409.8 4132.9 -64.1 1 0 29.4 29.2 10.0 0.0 0 0 4 3 3
-6402.4 4031.6 -64.6 180 0 41.4 19.1 12.5 2.5 4 0 5 4 4
-3419.0 -44.1 -38.6 269 0 10.1 17.6 14.0 3.5 2 1 4 0 0
-3534.7 -44.4 -40.4 270 0 15.6 25.5 14.0 0.0 0 0 4 2 2
-3551.2 -60.4 -40.5 179 0 13.3 8.8 10.5 3.5 2 0 3 1 1
-3339.3 179.1 -38.6 121 0 24.0 10.5 14.0 3.5 2 0 4 3 3
-6038.7 1334.8 -55.7 360 0 17.7 35.9 10.5 3.5 4 1 3 4 4
-6039.5 1306.7 -55.8 359 0 23.5 36.9 10.5 0.0 0 1 3 0 0
-5752.3 1419.8 -53.9 0 0 7.4 9.3 12.0 3.5 2 1 3 4 4
-5731.5 1418.8 -53.8 360 0 8.0 18.7 8.0 3.5 2 1 2 0 0
-5765.9 1361.8 -53.6 3 0 8.2 10.5 4.0 3.5 2 1 1 4 4
-6050.6 1583.1 -55.9 359 0 15.9 9.3 4.0 0.0 0 0 1 2 2
-6062.1 1546.2 -55.8 359 0 8.7 8.6 8.0 3.5 2 0 2 2 2
-6020.2 1592.2 -55.8 358 0 9.1 26.2 4.0 3.5 2 1 1 0 0
-5975.1 1574.7 -55.6 0 0 10.8 33.2 14.0 3.5 4 1 4 4 4
-5894.6 1765.9 -56.4 359 0 14.4 132.9 17.5 0.0 0 1 5 2 2
-5931.9 1575.1 -55.4 359 0 9.0 19.8 4.0 0.0 0 1 1 4 4
-6134.0 1906.6 -57.4 49 0 8.1 12.2 12.0 3.5 2 1 3 4 4
-6126.3 1914.3 -57.3 47 0 10.3 16.5 8.0 3.5 2 1 2 2 2
-6145.8 1865.4 -57.3 80 0 7.6 12.9 4.0 3.5 4 1 1 5 5
-6116.1 1824.6 -57.2 78 0 5.9 6.9 12.0 3.5 2 1 3 3 3
-3834.7 1808.2 -47.9 181 0 5.9 15.7 12.0 3.5 2 1 3 3 3
-4232.9 2003.4 -59.9 100 0 26.9 13.1 14.0 3.5 2 0 4 4 4
2801.2 -1676.4 2.7 213 0 19.4 30.1 10.0 2.5 2 1 4 3 3
2547.2 -1557.2 -0.2 121 0 8.4 11.6 7.5 2.5 4 1 3 1 1
2595.3 -1572.0 -0.0 54 0 6.7 5.6 7.5 2.5 2 0 3 2 2
2457.9 -1708.5 -3.9 34 0 10.7 19.9 5.0 2.5 2 1 2 3 3
644.8 -1889.6 -10.8 114 0 12.5 42.2 14.0 3.5 2 1 4 5 5
711.4 -1874.5 -10.7 116 0 24.9 6.2 10.5 3.5 2 0 3 3 3
609.1 -1956.7 -10.7 207 0 13.6 8.3 2.5 2.5 2 0 1 4 4
643.7 -1964.5 -10.6 297 0 12.1 16.4 7.5 2.5 2 1 3 0 0
625.6 -2013.2 -10.5 24 0 6.3 5.7 7.5 2.5 2 0 3 3 3
595.6 -1993.3 -10.7 205 0 6.9 18.8 7.5 2.5 2 1 3 0 0
291.1 -10724.5 32.5 0 0 10.8 15.2 10.0 2.5 2 1 4 2 2
-531.5 -10809.2 24.7 347 0 18.5 10.4 10.0 0.0 0 0 4 0 0
-537.1 -10787.9 24.7 346 0 11.8 9.9 2.5 2.5 2 0 1 3 3
254.4 -10722.0 32.3 185 0 4.9 7.9 7.5 2.5 2 1 3 5 5
262.2 -10682.7 32.4 275 0 7.9 4.9 5.0 2.5 2 0 2 1 1
284.3 -10738.9 32.4 0 0 4.5 7.1 2.5 2.5 2 1 1 5 5
233.3 -10782.6 31.6 180 0 12.4 3.6 7.5 2.5 2 0 3 5 5
240.7 -10782.8 31.6 180 0 12.4 3.6 5.0 0.0 0 0 2 1 1
-5732.3 1740.5 -55.3 359 0 17.0 52.8 10.5 3.5 2 1 3 2 2
-5808.6 1512.8 -54.9 359 0 31.9 83.5 17.5 0.0 0 1 5 3 3
-5778.8 1556.7 -54.9 359 0 18.3 84.5 14.0 3.5 2 1 4 2 2
-5880.7 1573.1 -55.4 89 0 20.9 62.2 14.0 3.5 2 1 4 4 4
-5772.3 1613.7 -55.1 359 0 26.2 91.6 10.5 0.0 0 1 3 4 4
-5771.8 1794.8 -55.7 360 0 14.1 52.1 14.0 3.5 2 1 4 0 0
-5698.4 1636.2 -54.7 358 0 21.7 42.8 10.5 0.0 0 0 3 5 5
-5469.6 1640.9 -53.6 360 0 23.0 90.8 14.0 0.0 0 0 4 2 2
-5565.9 1462.8 -53.1 360 0 16.1 21.6 10.5 3.5 2 1 3 1 1
-2972.4 -5518.1 47.1 85 0 3.2 5.4 7.5 2.5 2 1 3 2 2
-2983.2 -5508.5 46.7 178 0 6.0 7.0 5.0 2.5 2 1 2 0 0
-2913.3 -5568.7 49.4 26 0 6.2 4.5 7.5 2.5 2 0 3 3 3
-3386.3 -5342.0 31.2 41 0 16.4 36.2 10.0 0.0 0 1 4 5 5
-3404.6 -5297.7 31.8 90 0 5.7 7.6 2.5 2.5 2 1 1 5 5
-2157.5 -7228.2 79.5 357 0 10.2 5.0 5.0 2.5 2 0 2 2 2
-2134.2 -7114.5 81.9 349 0 3.6 9.5 7.5 2.5 2 1 3 0 0
1229.1 549.7 -18.3 180 0 5.0 17.3 10.5 3.5 2 1 3 4 4
-6177.2 5309.5 -67.0 220 0 9.9 6.7 7.5 2.5 2 0 3 1 1
6411.9 -7352.0 62.2 253 0 20.8 19.0 7.5 2.5 4 0 3 3 3
6369.7 -7363.1 62.4 270 0 11.4 12.4 2.5 2.5 2 1 1 2 2
6367.1 -7455.1 61.4 60 0 5.3 9.2 5.0 2.5 4 1 2 2 2
-5364.6 1533.8 -52.2 0 0 4.8 21.4 4.0 3.5 4 1 1 1 1
-5379.3 1537.8 -52.3 90 0 11.9 18.6 12.0 3.5 2 1 3 4 4
-5448.9 1397.7 -52.5 0 0 88.2 60.3 14.0 0.0 0 0 4 2 2
-5690.6 1527.2 -54.0 360 0 19.5 12.5 8.0 3.5 2 0 2 1 1
-5627.3 1537.9 -53.8 360 0 9.9 39.6 10.5 3.5 2 1 3 5 5
-5727.6 1498.7 -54.1 0 0 11.4 13.1 8.0 3.5 2 1 2 5 5
-5729.2 1954.5 -56.2 359 0 23.3 14.3 14.0 3.5 4 0 4 1 1
-5861.4 1938.0 -56.6 89 0 14.8 15.7 4.0 3.5 2 1 1 3 3
-5935.9 1955.7 -57.0 90 0 10.5 16.7 8.0 3.5 2 1 2 5 5
-5214.8 1713.5 -51.7 0 0 10.9 27.3 14.0 3.5 2 1 4 1 1
-5223.8 1698.7 -51.7 2 0 7.8 18.0 4.0 3.5 2 1 1 1 1
-5224.0 1688.8 -51.6 2 0 7.8 18.0 8.0 3.5 2 1 2 5 5
-5159.5 1666.1 -50.9 178 0 19.3 15.4 14.0 3.5 2 0 4 1 1
-5153.5 1687.8 -51.0 177 0 14.8 8.0 12.0 3.5 2 0 3 2 2
-6028.7 2074.9 -57.7 0 0 8.4 16.7 8.0 3.5 2 1 2 1 1
-4928.3 2156.7 -61.1 358 0 16.8 45.9 17.5 3.5 2 1 5 1 1
-4891.6 2129.1 -61.5 356 0 12.6 12.9 4.0 0.0 0 1 1 1 1
-4780.1 1221.3 -44.6 155 0 13.2 22.6 45.5 0.0 0 1 13 1 1
-4741.6 1216.1 -44.3 63 0 13.3 22.7 45.5 0.0 0 1 13 4 4
-4642.1 1107.4 -42.5 179 0 86.1 113.0 17.5 0.0 0 1 5 2 2
-4839.6 1169.6 -44.3 178 0 10.9 22.4 20.0 3.5 2 1 5 1 1
-5015.8 1345.7 -47.7 180 0 15.2 193.5 3.5 0.0 0 1 1 0 0
-5218.6 1417.1 -50.5 180 0 18.4 77.0 17.5 3.5 2 1 5 0 0
-5160.2 1520.4 -50.0 267 0 16.7 11.7 20.0 3.5 2 0 5 0 0
-4092.9 1129.7 -41.9 3 0 21.7 54.3 17.5 3.5 2 1 5 5 5
-4093.2 1092.7 -41.6 3 0 21.7 54.3 17.5 3.5 2 1 5 5 5
-4095.9 1056.0 -41.3 3 0 21.7 54.3 17.5 3.5 2 1 5 3 3
-4193.9 1049.6 -41.3 93 0 54.3 21.7 17.5 3.5 4 0 5 4 4
-4191.2 1085.8 -41.6 93 0 54.3 21.7 17.5 3.5 2 0 5 0 0
-4215.2 1135.2 -42.0 183 0 21.7 54.3 17.5 3.5 2 1 5 4 4
-4297.4 1114.9 -41.8 359 0 64.8 64.7 17.5 0.0 0 0 5 0 0
-5173.8 2146.9 -53.7 108 0 48.4 28.7 10.5 0.0 0 0 3 3 3
-3850.7 5304.0 -29.5 181 0 4.6 6.7 5.0 2.5 2 1 2 2 2
-6131.7 -7486.0 24.3 85 0 5.0 19.7 7.5 2.5 2 1 3 4 4
-6117.4 -7488.3 24.5 82 0 9.0 9.4 7.5 2.5 2 1 3 2 2
-6077.2 -7598.3 24.9 46 0 18.6 22.6 7.5 2.5 2 1 3 3 3
-6154.1 -7393.1 21.9 66 0 11.1 9.8 5.0 2.5 2 0 2 4 4
-6106.0 -7386.8 21.2 158 0 5.1 7.4 7.5 2.5 2 1 3 2 2
-5997.9 -7787.7 21.5 355 0 20.7 11.7 5.0 0.0 0 0 2 3 3
1237.1 -6327.1 62.1 266 0 11.7 6.9 5.0 2.5 2 0 2 1 1
1252.0 -6357.1 62.4 82 0 3.3 3.5 5.0 2.5 2 1 2 4 4
1294.8 -6338.2 60.8 265 0 5.6 4.8 5.0 2.5 4 0 2 2 2
1714.0 -6309.3 51.8 274 0 6.5 17.1 5.0 2.5 2 1 2 3 3
1715.3 -6344.6 51.8 272 0 16.1 15.4 5.0 2.5 2 0 2 1 1
1735.9 -6300.0 51.1 93 0 11.3 4.0 7.5 0.0 0 0 3 4 4
1758.8 -6235.6 49.3 0 0 7.9 4.0 7.5 2.5 4 0 3 1 1
1792.0 -6358.5 49.8 89 0 3.9 3.2 7.5 2.5 2 0 3 0 0
1770.3 -6321.5 50.4 0 0 4.6 8.8 7.5 2.5 2 1 3 4 4
1776.0 -6263.0 49.7 181 0 3.4 4.0 5.0 2.5 2 1 2 3 3
1758.9 -6176.5 47.9 92 0 4.3 6.9 7.5 2.5 2 1 3 3 3
1319.1 -5771.5 46.3 192 0 4.2 14.0 7.5 2.5 2 1 3 4 4
1367.8 -5767.1 45.4 272 0 11.2 5.6 5.0 2.5 2 0 2 0 0
1313.9 -5755.6 46.3 181 0 7.5 4.8 5.0 2.5 2 0 2 4 4
1325.8 -5786.4 46.7 106 0 4.1 4.8 7.5 2.5 2 1 3 2 2
1159.2 -5049.3 33.9 272 0 20.5 14.8 12.5 2.5 2 0 5 3 3
1096.4 -5086.5 36.5 359 0 13.8 11.8 2.5 2.5 2 0 1 5 5
1084.4 -5065.9 35.9 181 0 4.0 3.7 5.0 2.5 2 0 2 1 1
1094.5 -5052.8 34.7 91 0 4.0 14.8 5.0 2.5 2 1 2 3 3
1089.6 -5008.0 33.5 270 0 3.5 7.1 2.5 2.5 2 1 1 0 0
235.6 -4173.4 21.2 90 0 16.5 31.8 7.5 2.5 4 1 3 5 5
399.3 -4301.6 24.0 358 0 45.7 9.6 7.5 0.0 0 0 3 4 4
899.1 -5381.4 49.4 112 0 4.0 8.6 2.5 2.5 2 1 1 3 3
959.8 -5408.6 48.4 109 0 5.4 4.6 7.5 2.5 2 0 3 2 2
895.5 -5358.2 49.3 289 0 3.1 6.1 2.5 2.5 2 1 1 5 5
887.5 -5349.8 49.3 286 0 3.2 11.1 7.5 2.5 2 1 3 0 0
434.1 -4798.4 37.5 150 0 9.0 17.2 5.0 2.5 2 1 2 0 0
425.9 -4780.5 37.4 184 0 5.4 6.6 7.5 2.5 2 1 3 5 5
82.8 -4201.7 22.7 252 0 3.8 4.7 5.0 2.5 4 1 2 1 1
59.7 -4201.6 22.7 259 0 9.6 6.3 5.0 2.5 2 0 2 3 3
-4.7 -4086.5 20.3 352 0 5.1 4.1 7.5 2.5 4 0 3 4 4
-5.5 -4081.2 20.2 351 0 5.5 10.0 2.5 2.5 4 0 1 0 0
1.6 -4076.6 20.1 83 0 12.9 4.1 5.0 2.5 2 0 2 2 2
15.8 -4075.0 20.0 84 0 15.6 4.1 7.5 2.5 2 0 3 2 2
9.5 -4070.9 19.9 84 0 17.4 3.8 7.5 2.5 2 0 3 4 4
21.1 -4069.2 19.9 84 0 3.7 3.6 7.5 2.5 2 0 3 2 2
31.8 -4074.6 19.8 82 0 13.4 10.8 5.0 2.5 2 0 2 1 1
1989.0 -6127.3 42.8 270 0 10.5 11.3 7.5 2.5 2 1 3 4 4
2014.0 -6144.5 42.7 359 0 7.3 8.0 5.0 2.5 2 1 2 2 2
1996.7 -6155.5 43.2 87 0 4.5 4.5 7.5 2.5 4 0 3 1 1
2039.1 -6110.4 41.6 267 0 5.2 5.4 7.5 2.5 2 1 3 2 2
-1460.8 -8208.3 54.5 199 0 16.2 9.8 2.5 2.5 2 0 1 3 3
-1434.1 -8234.6 54.4 18 0 3.7 3.3 5.0 2.5 2 0 2 4 4
-241.0 -3836.0 15.3 194 0 7.8 5.0 2.5 2.5 2 0 1 2 2
-215.0 -3826.6 15.1 293 0 4.6 13.3 5.0 2.5 2 1 2 2 2
-221.6 -3855.9 15.7 118 0 3.6 3.2 5.0 2.5 2 0 2 1 1
-461.8 -3609.5 10.8 179 0 4.7 5.6 5.0 2.5 2 1 2 3 3
-757.8 -825.6 -19.9 98 0 9.7 12.0 2.5 2.5 2 1 1 3 3
-246.8 -5324.8 56.3 279 0 12.5 22.2 10.0 2.5 2 1 4 1 1
-273.2 -5353.9 57.1 189 0 22.1 12.5 10.0 2.5 2 0 4 3 3
-242.3 -5372.6 57.6 99 0 7.1 22.8 7.5 2.5 2 1 3 5 5
-279.0 -5383.3 58.0 99 0 14.1 10.9 2.5 2.5 2 0 1 2 2
-66.2 -5166.3 50.2 4 0 13.7 3.2 7.5 2.5 2 0 3 2 2
-97.5 -5192.9 51.4 95 0 6.3 5.2 5.0 2.5 2 0 2 3 3
-134.8 -5168.3 50.1 275 0 29.3 21.5 7.5 0.0 0 0 3 2 2
-123.7 -5121.9 48.2 5 0 5.6 8.8 5.0 0.0 0 1 2 3 3
-122.6 -5106.8 47.0 8 0 14.8 28.1 10.0 2.5 2 1 4 1 1
-137.7 -5137.7 48.6 16 0 6.5 12.1 7.5 2.5 2 1 3 4 4
650.4 -4633.3 29.2 287 0 11.2 6.2 7.5 2.5 2 0 3 1 1
639.6 -4667.4 29.9 23 0 8.1 14.5 5.0 2.5 2 1 2 4 4
-985.9 -3893.7 17.3 34 0 6.1 14.4 2.5 2.5 4 1 1 5 5
2709.7 464.9 -8.5 46 0 4.6 6.0 7.5 2.5 2 1 3 1 1
-3974.6 1529.1 -44.3 90 0 23.9 15.8 17.5 3.5 2 0 5 0 0
-3943.3 1636.9 -45.1 179 0 24.6 43.7 17.5 0.0 0 1 5 5 5
1731.4 794.0 -17.1 3 0 24.0 40.7 10.5 0.0 0 1 3 2 2
-1099.0 3084.9 -32.1 18 0 31.4 15.5 14.0 0.0 0 0 4 1 1
-1190.7 2820.2 -32.5 4 0 23.6 7.9 12.0 3.5 4 0 3 4 4
-1192.4 2798.2 -32.4 4 0 12.1 8.5 12.0 0.0 0 0 3 3 3
-1177.1 2864.6 -32.4 183 0 17.0 8.1 12.0 3.5 2 0 3 3 3
-1198.1 2762.2 -32.3 184 0 9.4 4.9 12.0 0.0 0 0 3 1 1
-1192.2 2771.6 -32.3 183 0 7.7 3.3 12.0 3.5 4 0 3 1 1
-5360.0 1154.0 -50.8 180 0 17.9 137.3 14.0 0.0 0 0 4 5 5
-2186.7 4140.3 -38.4 182 0 122.9 20.2 10.5 0.0 0 0 3 1 1
-2089.2 4404.2 -36.9 46 0 16.6 12.2 8.0 2.5 2 0 2 3 3
-2078.5 4544.6 -36.7 315 0 16.8 121.9 15.0 0.0 0 1 6 0 0
-2177.8 4397.1 -35.4 0 0 48.2 52.9 30.0 0.0 0 0 12 1 1
-2473.7 3894.1 -38.6 315 0 16.4 148.2 10.5 0.0 0 1 3 3 3
-2520.2 3958.5 -36.5 92 0 65.7 125.9 37.5 0.0 0 1 15 3 3
-2409.9 4164.2 -33.9 90 0 27.3 15.6 7.5 2.5 2 0 3 1 1
-2405.3 4200.1 -33.5 90 0 31.3 18.6 2.5 2.5 2 0 1 5 5
-2455.8 4246.6 -33.3 180 0 42.3 46.8 10.0 0.0 0 1 4 4 4
-2486.8 4240.6 -33.2 92 0 15.3 25.0 2.5 2.5 2 1 1 4 4
-2322.7 4067.0 -35.9 360 0 9.7 22.9 8.0 2.5 2 1 2 5 5
-2353.2 4196.0 -34.5 182 0 20.7 22.5 5.0 2.5 2 1 2 2 2
-2270.1 4221.2 -35.6 270 0 13.8 20.3 10.0 2.5 2 1 4 3 3
-2276.3 4234.2 -35.2 90 0 28.5 11.2 10.0 2.5 2 0 4 2 2
2452.8 -7480.1 34.8 270 0 18.5 29.9 7.5 0.0 0 1 3 2 2
2679.2 -7767.9 32.4 318 0 13.4 28.2 10.0 2.5 2 1 4 4 4
3495.9 -8432.7 39.7 130 0 14.4 29.0 10.0 2.5 2 1 4 4 4
3793.0 -8489.6 41.3 167 0 18.8 29.3 12.5 2.5 2 1 5 0 0
4639.5 -8710.0 47.9 16 0 14.1 25.6 7.5 2.5 2 1 3 3 3
4688.0 -8456.5 46.3 237 0 11.3 17.3 5.0 2.5 2 1 2 0 0
5032.4 -8590.6 50.1 272 0 11.9 16.5 5.0 2.5 2 1 2 5 5
5011.9 -8570.1 49.6 84 0 11.5 11.3 5.0 2.5 4 0 2 1 1
6471.9 -8331.1 65.5 353 0 19.4 12.5 7.5 2.5 2 0 3 0 0
5449.6 -7970.3 64.6 157 0 10.0 22.5 5.0 2.5 2 1 2 1 1
5418.4 -7997.8 63.8 194 0 11.6 12.8 7.5 2.5 2 1 3 2 2
5424.1 -7980.2 64.1 195 0 18.6 11.2 5.0 2.5 2 0 2 3 3
5404.6 -7977.1 64.0 24 0 18.9 7.4 2.5 2.5 4 0 1 5 5
5406.8 -8013.4 63.4 15 0 15.1 5.1 7.5 2.5 2 0 3 0 0
5412.5 -8022.2 63.4 195 0 7.5 4.8 5.0 2.5 2 0 2 3 3
5415.2 -8011.9 63.6 195 0 7.5 4.8 2.5 2.5 2 0 1 5 5
5464.7 -8043.9 63.3 15 0 7.5 4.8 5.0 2.5 4 0 2 2 2
5470.4 -8029.9 63.6 15 0 7.5 4.8 7.5 2.5 4 0 3 2 2
-6078.4 2145.8 -57.4 358 0 7.3 21.2 8.0 3.5 2 1 2 2 2
-5886.0 2100.7 -57.9 359 0 12.6 13.6 8.0 3.5 4 1 2 2 2
-5839.2 2097.7 -57.9 0 0 9.4 18.8 8.0 3.5 2 1 2 4 4
-5797.2 2100.8 -57.9 360 0 13.3 35.1 14.0 3.5 2 1 4 4 4
-5783.0 2097.8 -57.5 1 0 4.9 12.4 4.0 3.5 2 1 1 2 2
-5888.7 2371.0 -60.8 356 0 13.0 20.2 10.5 3.5 2 1 3 2 2
-5866.8 2373.6 -60.9 356 0 14.0 15.3 4.0 3.5 4 1 1 0 0
-4410.3 -3286.4 -11.0 278 0 15.0 33.5 7.5 2.5 2 1 3 3 3
-4351.5 -3347.5 -10.8 15 0 19.8 32.0 10.0 0.0 0 1 4 0 0
-4338.9 -3305.7 -10.9 11 0 33.2 20.7 7.5 0.0 0 0 3 2 2
-4301.6 -3300.1 -10.4 279 0 32.6 18.3 7.5 2.5 2 0 3 5 5
-4305.8 -3351.6 -10.1 87 0 33.1 18.8 7.5 0.0 0 0 3 4 4
-4239.1 1481.4 -44.4 359 0 17.7 234.2 14.0 0.0 0 1 4 1 1
-4213.7 1556.2 -44.9 90 0 104.5 34.9 14.0 0.0 0 0 4 4 4
-5534.7 1276.4 -52.0 25 0 10.6 21.9 7.0 3.5 2 1 2 4 4
-5516.8 1265.8 -51.9 32 0 9.4 17.7 7.0 3.5 2 1 2 5 5
-4147.6 1597.0 -45.0 89 0 17.1 12.1 14.0 3.5 2 0 4 5 5
-4155.1 1782.9 -47.3 270 0 21.7 8.5 10.5 3.5 2 0 3 4 4
-5026.8 1886.1 -51.3 92 0 19.1 11.9 10.5 3.5 2 0 3 1 1
-4994.7 1888.2 -50.9 91 0 19.3 3.9 7.0 3.5 2 0 2 2 2
-5011.3 1888.0 -51.1 90 0 4.5 7.7 3.5 3.5 2 1 1 2 2
-5292.8 1870.2 -53.0 360 0 6.4 5.9 10.5 3.5 2 0 3 2 2
-5315.4 1870.3 -53.1 0 0 6.3 8.3 3.5 3.5 4 1 1 5 5
-5337.6 1870.4 -53.2 359 0 6.5 4.3 7.0 3.5 2 0 2 4 4
-5325.9 1822.8 -52.9 355 0 3.5 12.6 3.5 3.5 2 1 1 3 3
-4737.8 1607.0 -47.7 360 0 10.2 11.4 14.0 3.5 2 1 4 5 5
-4609.3 1463.1 -45.6 89 0 7.1 21.7 10.5 3.5 2 1 3 3 3
-4583.6 1459.8 -45.3 90 0 6.9 17.5 10.5 3.5 2 1 3 0 0
-4487.9 1585.8 -46.0 89 0 67.8 28.1 14.0 0.0 0 0 4 3 3
-5727.6 2123.0 -57.8 359 0 15.9 19.8 14.0 3.5 2 1 4 4 4
-5815.1 2022.2 -57.2 9 0 15.8 15.4 14.0 3.5 4 0 4 2 2
-5936.8 1306.8 -54.8 0 0 16.0 22.6 10.5 0.0 0 0 3 3 3
-5959.4 1309.2 -55.2 360 0 21.0 44.5 10.5 3.5 2 0 3 5 5
-6003.9 1313.6 -55.3 1 0 9.6 12.3 3.5 3.5 2 0 1 1 1
-5989.8 1330.7 -55.2 0 0 7.5 12.0 10.5 0.0 0 0 3 1 1
-5970.9 1330.6 -55.1 1 0 7.6 19.0 7.0 3.5 2 0 2 5 5
-5962.9 1334.3 -54.9 1 0 15.2 7.9 7.0 3.5 4 0 2 2 2
-3732.6 -497.3 -40.9 89 0 7.9 9.1 10.5 3.5 2 1 3 3 3
-5394.3 -1789.9 -37.2 88 0 21.2 63.7 7.5 2.5 2 1 3 5 5
-5362.4 -1690.4 -37.4 182 0 4.1 3.8 2.5 2.5 2 0 1 4 4
-5367.6 603.0 -49.7 359 0 10.6 34.0 14.0 0.0 0 1 4 4 4
-5377.9 626.6 -49.4 270 0 16.7 11.8 14.0 3.5 2 0 4 3 3
-6121.8 3915.9 -62.6 180 0 6.9 7.1 7.5 2.5 4 1 3 0 0
-6130.2 3758.2 -63.2 190 0 6.6 3.6 7.5 2.5 2 0 3 0 0
-6122.4 3926.9 -62.5 180 0 8.5 11.4 7.5 2.5 2 1 3 1 1
-6215.8 3915.1 -63.5 91 0 10.5 27.2 7.5 0.0 0 1 3 2 2
-6602.1 1365.1 -65.5 269 0 23.7 10.3 17.5 3.5 2 0 5 1 1
-3363.8 121.2 -38.6 179 0 27.6 20.8 14.0 3.5 2 0 4 2 2
-5512.8 -3320.1 -23.4 180 0 23.3 11.0 5.0 2.5 2 0 2 2 2
-1301.6 -4570.9 38.5 180 0 15.1 32.5 15.0 0.0 0 1 6 5 5
-1248.1 -4547.7 36.8 0 0 11.3 14.0 7.5 2.5 2 1 3 2 2
-1267.2 -4176.1 24.1 271 0 6.7 23.8 7.5 2.5 2 1 3 5 5
2114.3 -7855.6 44.3 277 0 10.6 13.3 2.5 2.5 4 1 1 2 2
-548.2 -9656.2 26.1 240 0 21.1 20.6 7.5 2.5 2 0 3 4 4
-565.6 -9723.6 25.1 171 0 12.9 8.5 7.5 2.5 2 0 3 5 5
-691.7 -10072.1 21.9 179 0 11.6 30.9 10.0 2.5 2 1 4 3 3
-661.1 -10082.6 22.2 360 0 7.1 4.9 5.0 2.5 2 0 2 2 2
-677.9 -10096.1 22.1 180 0 7.2 16.6 2.5 0.0 0 1 1 3 3
-608.5 -10237.7 23.0 344 0 28.1 19.9 7.5 2.5 2 0 3 2 2
-657.7 -10201.0 22.6 199 0 12.0 5.7 7.5 2.5 2 0 3 5 5
-3198.0 -7657.7 41.6 100 0 29.5 21.0 10.0 0.0 0 0 4 4 4
-3257.1 -7609.3 42.6 100 0 10.0 23.0 2.5 2.5 2 1 1 4 4
-3755.1 -7781.5 52.5 292 0 39.7 37.4 12.5 0.0 0 0 5 3 3
2482.8 -6734.5 32.1 14 0 8.8 10.6 7.5 2.5 2 1 3 3 3
2478.1 -6769.2 32.4 322 0 4.6 5.9 7.5 2.5 2 1 3 1 1
2504.1 -6778.6 31.6 54 0 7.5 7.6 7.5 2.5 2 1 3 1 1
6927.0 -7743.3 59.3 323 0 9.4 20.0 5.0 2.5 2 1 2 0 0
6774.8 -8304.9 67.3 240 0 24.7 17.3 7.5 2.5 2 0 3 1 1
5258.2 -7763.0 65.3 193 0 15.2 18.2 10.0 2.5 2 1 4 5 5
5190.3 -7754.3 64.4 49 0 13.3 15.2 5.0 2.5 2 1 2 1 1
4964.8 -7911.3 58.2 330 0 18.0 32.2 10.0 2.5 2 1 4 5 5
4292.6 -7824.1 42.8 33 0 10.8 12.3 2.5 2.5 2 1 1 2 2
4282.2 -7767.6 42.0 302 0 24.0 22.4 7.5 2.5 2 0 3 5 5
3929.0 -7533.0 36.0 4 0 13.6 21.7 7.5 2.5 4 1 3 5 5
5592.1 -8783.5 56.1 53 0 7.4 8.0 7.5 2.5 2 1 3 5 5
5618.0 -8777.7 56.1 149 0 17.2 17.4 7.5 2.5 2 1 3 0 0
5003.1 -8545.7 49.5 170 0 5.9 11.4 2.5 2.5 2 1 1 1 1
503.0 -10471.3 33.9 236 0 11.4 13.6 7.5 2.5 2 1 3 1 1
-296.7 -8931.7 43.9 189 0 5.7 12.6 5.0 2.5 2 1 2 3 3
61.1 -10052.5 29.4 44 0 10.8 27.2 10.0 2.5 2 1 4 0 0
59.0 -10022.9 29.2 45 0 11.4 19.7 7.5 2.5 2 1 3 0 0
323.4 -10370.3 32.7 107 0 16.5 12.9 7.5 0.0 0 0 3 0 0
313.6 -10444.3 33.0 236 0 14.3 15.3 2.5 2.5 2 1 1 3 3
342.6 -10495.9 33.0 103 0 23.3 9.7 5.0 2.5 2 0 2 4 4
499.3 -10525.7 33.9 128 0 25.3 11.2 5.0 2.5 2 0 2 0 0
475.2 -10497.4 33.8 176 0 10.1 14.5 7.5 2.5 2 1 3 0 0
526.3 -10504.7 34.1 57 0 8.0 7.1 2.5 2.5 2 0 1 3 3
521.2 -10491.5 34.0 330 0 5.6 6.4 7.5 2.5 2 1 3 4 4
770.3 -10439.6 34.7 168 0 23.5 16.6 7.5 2.5 4 0 3 0 0
770.2 -10387.1 35.1 355 0 19.2 5.8 5.0 2.5 4 0 2 0 0
1156.4 -10449.7 38.1 57 0 11.2 19.1 2.5 2.5 2 1 1 2 2
1153.6 -10348.9 37.8 138 0 13.4 13.0 5.0 2.5 2 0 2 4 4
1191.5 -10731.0 39.9 41 0 12.1 20.7 5.0 2.5 2 1 2 1 1
1146.0 -10654.7 38.9 88 0 16.9 31.8 10.0 2.5 2 1 4 0 0
-3682.7 -5620.8 26.9 176 0 24.5 10.9 10.0 0.0 0 0 4 5 5
-3634.8 -5598.4 27.1 354 0 11.2 20.9 10.0 2.5 2 1 4 3 3
-3630.7 -5584.7 27.0 352 0 7.0 17.4 5.0 2.5 2 1 2 2 2
-3639.0 -5625.1 27.5 339 0 13.1 6.3 7.5 2.5 2 0 3 1 1
-3653.3 -5567.6 26.8 270 0 7.2 11.6 5.0 2.5 2 1 2 1 1
-3583.2 -5648.8 29.5 254 0 10.2 16.1 7.5 2.5 2 1 3 5 5
-3551.0 -5630.5 29.9 187 0 9.0 12.0 2.5 2.5 4 1 1 2 2
-4713.8 -4393.9 -1.5 359 0 12.8 47.1 10.0 2.5 2 1 4 3 3
-4393.0 -4563.1 5.6 55 0 13.5 28.1 10.0 2.5 2 1 4 5 5
-4215.2 -4614.5 10.0 189 0 28.2 12.9 7.5 2.5 2 0 3 1 1
-1924.2 -8546.6 49.2 194 0 7.3 27.9 5.0 2.5 2 1 2 1 1
-1875.6 -8528.9 49.9 4 0 8.3 7.8 7.5 2.5 2 0 3 4 4
-2251.1 -8198.6 64.5 122 0 7.4 19.1 5.0 2.5 4 1 2 1 1
-2276.6 -8221.2 64.7 287 0 18.3 6.1 7.5 2.5 2 0 3 0 0
-2268.9 -8248.7 64.1 294 0 4.2 18.4 5.0 2.5 2 1 2 0 0
-2577.5 -8423.3 68.7 212 0 15.8 4.0 7.5 2.5 4 0 3 5 5
-2869.5 -8521.4 69.8 134 0 14.0 19.6 10.0 2.5 2 1 4 2 2
-2883.8 -8518.3 70.2 131 0 8.1 8.1 7.5 2.5 2 0 3 2 2
-248.5 -10465.0 27.2 84 0 11.8 19.0 2.5 2.5 2 1 1 3 3
-266.8 -10414.1 27.0 260 0 9.2 6.3 5.0 2.5 2 0 2 3 3
-226.4 -10469.6 27.6 355 0 8.7 8.8 5.0 2.5 2 1 2 4 4
-559.2 -10564.2 24.3 91 0 11.6 17.5 2.5 2.5 2 1 1 2 2
-6101.9 -7360.1 19.3 159 0 27.6 33.6 12.5 0.0 0 1 5 4 4
-6397.5 -6780.6 -0.0 169 0 11.9 7.9 7.5 2.5 4 0 3 3 3
-6390.2 -6758.1 -0.9 252 0 7.8 10.8 5.0 2.5 2 1 2 1 1
-6519.6 -6864.3 4.4 268 0 11.5 9.5 2.5 2.5 2 0 1 5 5
3483.3 -10879.2 62.6 88 0 13.2 9.5 2.5 2.5 2 0 1 4 4
3500.4 -10871.8 62.8 269 0 10.5 9.6 5.0 2.5 4 0 2 1 1
3499.9 -10694.9 63.7 2 0 13.8 12.4 7.5 2.5 2 0 3 4 4
3486.5 -10667.9 63.8 269 0 5.4 5.6 5.0 2.5 2 1 2 4 4
-3130.6 357.6 -37.3 44 0 18.5 46.1 17.5 3.5 2 1 5 3 3
-3300.9 9073.7 -78.6 248 0 7.9 11.4 7.5 2.5 2 1 3 5 5
-3409.0 9137.4 -76.2 89 0 8.8 13.2 7.5 0.0 0 1 3 5 5
-3310.4 9127.3 -79.7 335 0 31.6 10.2 10.0 2.5 2 0 4 5 5
-3417.8 9261.5 -79.5 151 0 13.1 8.0 5.0 2.5 2 0 2 4 4
-3444.4 9321.5 -80.1 159 0 4.3 7.8 7.5 2.5 2 1 3 3 3
-3433.5 9315.7 -80.4 157 0 10.2 6.3 7.5 2.5 2 0 3 4 4
-3442.0 9338.4 -80.7 161 0 21.2 4.9 2.5 0.0 0 0 1 5 5
-3363.7 9499.3 -86.8 179 0 15.9 11.1 5.0 2.5 2 0 2 5 5
-3364.5 9481.5 -86.0 0 0 9.0 8.1 7.5 2.5 2 0 3 4 4
-3246.2 9548.7 -92.0 272 0 21.7 9.4 5.0 2.5 2 0 2 2 2
-3195.7 9551.9 -94.2 270 0 31.3 11.5 10.0 2.5 2 0 4 2 2
-3523.5 9505.0 -81.8 130 0 8.4 19.4 2.5 2.5 2 1 1 3 3
-4024.5 9534.3 -83.8 90 0 8.8 8.7 5.0 2.5 2 0 2 4 4
-4012.0 9660.5 -85.7 183 0 7.6 29.1 7.5 2.5 2 1 3 1 1
-3980.2 9647.9 -85.5 3 0 9.7 33.0 7.5 2.5 2 1 3 0 0
-4323.0 9580.3 -88.8 272 0 10.3 19.6 5.0 2.5 4 1 2 3 3
-4332.3 9579.7 -88.9 272 0 5.8 12.0 2.5 2.5 2 1 1 2 2
-4360.9 9588.3 -89.5 91 0 6.0 14.6 7.5 2.5 2 1 3 2 2
-4338.4 9591.4 -89.8 91 0 31.1 32.7 10.0 0.0 0 1 4 3 3
-4348.4 9655.7 -90.4 180 0 21.4 9.8 7.5 2.5 2 0 3 2 2
-4191.2 9655.7 -88.7 91 0 37.7 19.2 7.5 0.0 0 0 3 1 1
-5547.8 -2716.6 -24.6 270 0 23.1 12.4 7.5 2.5 2 0 3 2 2
-5551.7 -2737.6 -24.4 181 0 8.3 18.1 5.0 2.5 2 1 2 0 0
-6416.2 903.2 -58.6 359 0 32.1 30.0 14.0 0.0 0 0 4 0 0
-6414.2 900.2 -58.0 180 0 15.8 7.3 10.5 3.5 2 0 3 4 4
-6400.2 887.4 -57.8 90 0 7.0 21.8 10.5 3.5 2 1 3 1 1
-6385.9 886.9 -57.5 90 0 8.4 26.4 10.5 0.0 0 1 3 2 2
-6367.2 900.4 -57.3 0 0 16.2 12.9 14.0 3.5 2 0 4 2 2
-6402.6 846.7 -57.9 90 0 7.2 14.5 10.5 3.5 2 1 3 3 3
-6417.2 845.7 -57.9 90 0 17.8 13.6 7.0 3.5 4 0 2 4 4
-6417.1 829.0 -57.0 90 0 9.5 5.4 7.0 3.5 2 0 2 0 0
-6473.7 837.4 -56.8 99 0 18.7 25.1 10.5 0.0 0 1 3 5 5
-6474.7 959.2 -59.2 270 0 8.4 14.1 10.5 3.5 2 1 3 3 3
-6466.2 959.9 -59.0 270 0 9.1 14.8 10.5 3.5 2 1 3 3 3
-6453.8 961.2 -58.7 270 0 6.8 14.4 10.5 0.0 0 1 3 2 2
-6407.0 963.0 -57.9 270 0 7.4 12.9 10.5 3.5 2 1 3 0 0
-6395.3 962.1 -57.6 270 0 8.0 10.6 10.5 3.5 2 1 3 3 3
-6378.1 963.5 -57.4 270 0 6.8 14.6 10.5 0.0 0 1 3 2 2
-6360.8 930.3 -57.1 90 0 11.0 9.5 10.5 3.5 2 0 3 4 4
-6386.4 963.7 -57.5 270 0 5.6 13.4 10.5 3.5 2 1 3 1 1
-6423.0 964.0 -58.1 270 0 6.8 17.2 10.5 3.5 2 1 3 0 0
-6422.8 992.6 -58.1 90 0 9.1 10.3 10.5 3.5 2 1 3 4 4
-6431.7 992.6 -58.2 90 0 4.9 14.5 10.5 3.5 2 1 3 2 2
-6442.1 990.5 -58.4 90 0 7.4 15.9 10.5 3.5 4 1 3 1 1
-6451.7 992.9 -58.6 90 0 8.4 13.4 10.5 3.5 2 1 3 3 3
-6488.2 999.6 -59.1 183 0 13.3 7.0 10.5 3.5 2 0 3 4 4
-6362.7 993.1 -57.3 90 0 5.9 9.4 10.5 3.5 2 1 3 3 3
-6348.8 954.1 -57.0 0 0 14.5 10.5 17.5 3.5 2 0 5 3 3
-6337.3 956.5 -56.8 0 0 9.6 10.2 10.5 3.5 2 1 3 1 1
-6337.8 1000.2 -57.1 0 0 13.8 8.2 10.5 3.5 2 0 3 1 1
-6310.5 683.3 -55.5 91 0 17.2 37.8 14.0 3.5 2 1 4 5 5
-6341.5 687.4 -55.2 90 0 13.5 17.2 3.5 3.5 2 1 1 5 5
-6370.5 688.1 -55.2 90 0 9.3 14.1 10.5 0.0 0 1 3 5 5
-6391.5 685.5 -55.2 90 0 7.9 16.6 3.5 3.5 2 1 1 3 3
-6358.5 687.6 -55.2 90 0 9.7 16.9 10.5 3.5 2 1 3 3 3
-6368.2 740.2 -55.6 90 0 6.3 18.6 10.5 3.5 2 1 3 1 1
-6376.2 739.5 -55.5 90 0 5.4 18.6 3.5 3.5 2 1 1 2 2
-6368.5 727.1 -55.3 90 0 7.5 8.5 7.0 3.5 2 1 2 0 0
-6398.5 741.0 -55.4 90 0 7.4 15.7 10.5 3.5 2 1 3 3 3
-6409.2 741.7 -55.4 90 0 8.1 16.2 3.5 3.5 2 1 1 5 5
-6414.5 731.5 -55.4 90 0 6.3 7.8 7.0 0.0 0 1 2 1 1
-6401.5 710.4 -55.3 90 0 6.9 6.6 10.5 3.5 2 0 3 4 4
-6410.5 688.3 -55.2 90 0 8.0 10.8 10.5 3.5 2 1 3 4 4
-6420.9 687.6 -55.3 90 0 8.2 16.6 10.5 3.5 2 1 3 5 5
-6437.6 725.2 -55.4 90 0 7.0 6.3 3.5 3.5 2 0 1 5 5
-6442.1 741.9 -55.5 90 0 9.4 13.1 7.0 3.5 4 1 2 2 2
-6452.2 741.7 -55.5 90 0 6.5 17.1 7.0 3.5 2 1 2 2 2
-6460.0 745.9 -55.5 90 0 5.2 12.9 10.5 3.5 2 1 3 5 5
-6468.0 745.6 -55.5 90 0 7.0 12.3 10.5 3.5 2 1 3 5 5
-6479.8 745.1 -55.5 90 0 10.1 11.3 7.0 3.5 2 1 2 4 4
-6481.1 643.7 -55.2 90 0 10.8 12.4 10.5 3.5 2 1 3 2 2
-6467.2 643.2 -55.2 90 0 7.8 15.9 10.5 3.5 2 1 3 3 3
-6458.0 641.3 -55.2 90 0 7.7 18.1 7.0 3.5 2 1 2 1 1
-6445.1 647.0 -55.2 90 0 7.0 12.4 10.5 3.5 2 1 3 0 0
-6436.3 644.9 -55.2 90 0 7.8 15.2 7.0 3.5 2 1 2 1 1
-6416.6 637.1 -55.1 90 0 8.0 18.8 10.5 3.5 2 1 3 1 1
-6400.6 640.4 -55.1 90 0 8.7 14.3 7.0 3.5 2 1 2 2 2
-6388.9 640.9 -55.1 90 0 8.4 18.6 10.5 3.5 2 1 3 0 0
-6376.2 643.9 -55.1 90 0 5.9 15.2 10.5 3.5 2 1 3 5 5
-6367.9 647.4 -55.1 90 0 6.5 12.0 3.5 3.5 2 1 1 3 3
-6426.6 643.7 -55.1 90 0 7.0 12.0 10.5 3.5 2 1 3 4 4
-6302.4 539.6 -54.7 90 0 8.2 16.6 10.5 3.5 2 1 3 3 3
-6312.5 542.6 -54.7 90 0 8.9 13.1 7.0 3.5 2 1 2 2 2
-6325.9 539.3 -54.7 90 0 9.2 16.2 7.0 0.0 0 1 2 5 5
-6341.5 486.5 -54.7 90 0 9.9 18.3 10.5 3.5 2 1 3 4 4
-6353.2 486.2 -54.6 90 0 8.0 9.6 3.5 3.5 2 1 1 3 3
-6363.1 485.8 -54.6 90 0 7.2 14.3 10.5 0.0 0 1 3 1 1
-6373.0 486.0 -54.6 90 0 7.8 17.2 7.0 0.0 0 1 2 2 2
-6389.7 485.5 -54.6 90 0 5.6 15.1 10.5 3.5 2 1 3 0 0
-6381.5 506.2 -54.7 90 0 8.9 7.8 10.5 3.5 2 0 3 1 1
-6345.4 534.6 -54.7 91 0 7.5 20.7 10.5 3.5 2 1 3 0 0
-6372.5 540.3 -54.7 90 0 8.7 15.8 7.0 3.5 4 1 2 4 4
-6385.2 539.6 -54.7 90 0 6.5 15.9 10.5 3.5 4 1 3 0 0
-6394.8 540.3 -54.8 90 0 7.5 15.8 7.0 3.5 4 1 2 1 1
-6405.1 536.5 -54.8 90 0 7.0 19.3 10.5 3.5 2 1 3 0 0
-6413.0 541.9 -54.8 90 0 6.3 13.4 7.0 3.5 2 1 2 2 2
-6420.5 536.5 -54.8 90 0 7.0 19.3 7.0 3.5 2 1 2 2 2
-6431.9 539.8 -54.8 90 0 9.5 15.7 3.5 3.5 2 1 1 1 1
-6444.8 523.8 -54.8 90 0 8.7 7.1 10.5 3.5 2 0 3 5 5
-6452.9 535.1 -54.9 90 0 8.1 20.2 7.0 3.5 2 1 2 3 3
-6475.8 541.2 -54.9 90 0 11.0 15.7 10.5 3.5 2 1 3 5 5
-6472.9 523.4 -54.8 90 0 9.9 4.9 7.0 3.5 2 0 2 0 0
-6462.3 539.1 -54.9 90 0 7.7 16.2 10.5 3.5 2 1 3 1 1
-6480.6 503.1 -54.8 90 0 9.3 8.7 3.5 3.5 2 0 1 0 0
-6465.9 483.2 -54.7 90 0 7.0 14.8 7.0 3.5 2 1 2 1 1
-6459.4 499.6 -54.7 90 0 7.4 7.5 10.5 3.5 4 1 3 0 0
-6449.4 484.1 -54.7 90 0 9.5 15.9 7.0 3.5 2 1 2 3 3
-6435.1 485.9 -54.6 90 0 7.4 16.1 10.5 3.5 2 1 3 1 1
-6424.6 486.1 -54.6 89 0 7.7 16.3 7.0 3.5 2 1 2 2 2
-6414.5 485.9 -54.6 90 0 8.1 14.3 7.0 3.5 4 1 2 3 3
-6403.8 486.5 -54.6 90 0 7.3 15.0 7.0 3.5 2 1 2 2 2
-6328.6 587.9 -54.8 90 0 8.7 14.8 10.5 0.0 0 1 3 3 3
-6337.7 586.5 -54.8 90 0 5.3 14.8 10.5 3.5 2 1 3 2 2
-6344.7 585.7 -54.8 90 0 5.8 15.9 3.5 3.5 2 1 1 3 3
-6353.0 584.7 -54.9 90 0 5.1 19.7 10.5 3.5 2 1 3 5 5
-6360.6 586.1 -54.9 90 0 6.3 12.9 3.5 3.5 2 1 1 0 0
-6373.4 585.4 -54.9 90 0 9.1 19.5 7.0 3.5 4 1 2 2 2
-6390.0 586.4 -54.9 90 0 7.7 13.4 7.0 3.5 2 1 2 0 0
-6404.6 585.1 -54.9 90 0 8.4 16.0 7.0 3.5 2 1 2 1 1
-6413.2 585.7 -54.9 90 0 7.2 10.8 7.0 3.5 2 1 2 0 0
-6421.7 585.4 -55.0 90 0 6.5 13.8 7.0 3.5 2 1 2 2 2
-6481.4 585.7 -55.0 89 0 8.8 12.9 7.0 3.5 2 1 2 3 3
-6430.2 585.8 -55.0 90 0 7.8 21.6 10.5 3.5 2 1 3 0 0
-6450.2 586.6 -55.0 106 0 11.7 14.2 3.5 3.5 2 1 1 4 4
-6537.0 538.6 -55.0 90 0 7.0 15.5 10.5 3.5 2 1 3 3 3
-6545.8 540.3 -55.0 90 0 6.5 13.1 10.5 3.5 4 1 3 1 1
-6553.9 533.4 -55.0 90 0 7.2 18.1 10.5 3.5 2 1 3 1 1
-6565.0 537.7 -55.0 90 0 7.4 13.0 7.0 3.5 2 1 2 2 2
-6574.1 537.7 -55.0 90 0 7.4 12.5 7.0 3.5 4 1 2 3 3
-6590.0 541.2 -55.1 90 0 9.1 13.8 3.5 0.0 0 1 1 0 0
-6599.0 538.4 -55.1 90 0 6.0 14.8 3.5 0.0 0 1 1 0 0
-6602.6 524.9 -55.0 91 0 8.9 6.9 3.5 3.5 2 0 1 5 5
-6619.2 520.6 -55.0 90 0 12.4 8.4 3.5 3.5 2 0 1 1 1
-6620.3 539.1 -55.1 90 0 6.3 13.6 10.5 0.0 0 1 3 3 3
-6607.2 539.3 -55.1 90 0 6.3 15.3 10.5 0.0 0 1 3 3 3
-6648.7 540.3 -55.2 90 0 8.3 11.3 3.5 3.5 2 1 1 1 1
-6659.5 536.3 -55.2 89 0 6.5 17.6 7.0 3.5 2 1 2 5 5
-6667.9 537.5 -55.2 90 0 6.5 16.6 3.5 3.5 2 1 1 0 0
-6679.0 536.8 -55.2 90 0 12.9 14.8 14.0 3.5 2 1 4 1 1
-6674.9 580.7 -55.3 90 0 13.0 8.8 3.5 3.5 2 0 1 3 3
-6675.2 598.6 -55.4 90 0 12.5 8.7 3.5 3.5 2 0 1 5 5
-6673.5 608.9 -55.4 90 0 16.4 7.3 7.0 3.5 2 0 2 0 0
-6679.6 634.5 -55.5 90 0 14.1 5.3 7.0 3.5 2 0 2 4 4
-6680.4 643.9 -55.5 90 0 12.4 5.2 7.0 3.5 4 0 2 5 5
-6681.8 650.5 -55.5 90 0 9.7 8.0 3.5 0.0 0 0 1 1 1
-6678.4 478.3 -55.0 90 0 15.2 11.5 7.0 3.5 2 0 2 3 3
-6664.4 483.7 -55.0 90 0 7.4 21.8 7.0 3.5 4 1 2 3 3
-6655.0 484.8 -55.0 90 0 7.2 12.2 10.5 3.5 2 1 3 5 5
-6646.2 484.1 -55.0 90 0 6.5 16.5 7.0 3.5 4 1 2 2 2
-6619.5 483.4 -55.0 90 0 8.0 17.6 10.5 3.5 2 1 3 2 2
-6619.1 505.3 -55.0 90 0 12.1 7.4 7.0 3.5 2 0 2 1 1
-6578.0 485.3 -54.9 90 0 7.2 13.4 10.5 3.5 2 1 3 5 5
-6568.8 485.3 -54.9 90 0 7.0 10.9 7.0 3.5 4 1 2 5 5
-6556.3 484.6 -54.8 90 0 8.1 10.6 7.0 3.5 2 1 2 0 0
-6538.8 483.7 -54.8 90 0 7.0 9.4 7.0 3.5 2 1 2 5 5
-6528.9 483.2 -54.8 90 0 7.3 13.1 7.0 3.5 2 1 2 4 4
-6518.6 482.0 -54.8 90 0 10.1 21.6 7.0 0.0 0 1 2 4 4
-6512.3 437.3 -54.7 90 0 6.3 20.0 7.0 3.5 2 1 2 0 0
-6528.4 438.7 -54.7 90 0 8.9 16.0 7.0 0.0 0 1 2 2 2
-6543.5 440.0 -54.7 90 0 8.7 14.3 3.5 3.5 2 1 1 3 3
-6557.1 436.4 -54.7 90 0 8.4 14.8 7.0 3.5 2 1 2 5 5
-6571.7 438.6 -54.7 90 0 7.7 12.2 7.0 0.0 0 1 2 2 2
-6586.0 439.3 -54.8 90 0 7.8 11.2 3.5 3.5 2 1 1 1 1
-6616.5 434.9 -54.8 89 0 8.7 15.5 3.5 3.5 2 1 1 2 2
-6648.8 420.4 -54.8 90 0 16.1 8.2 7.0 3.5 2 0 2 0 0
-6677.7 440.8 -54.9 90 0 9.1 13.2 7.0 0.0 0 1 2 5 5
-6677.2 426.3 -54.9 90 0 9.2 11.0 3.5 3.5 2 1 1 1 1
-6667.3 438.3 -54.9 90 0 6.9 15.2 7.0 3.5 2 1 2 0 0
-6659.4 431.7 -54.9 90 0 6.3 21.4 7.0 3.5 2 1 2 1 1
-6678.4 384.4 -54.8 91 0 8.9 29.8 10.5 3.5 2 1 3 5 5
-6665.7 383.5 -54.7 90 0 8.2 14.1 7.0 3.5 2 1 2 3 3
-6652.0 384.3 -54.7 90 0 6.0 16.6 10.5 3.5 2 1 3 2 2
-6643.9 384.5 -54.7 90 0 6.1 15.2 10.5 3.5 2 1 3 0 0
-6632.5 382.8 -54.7 90 0 11.0 15.2 10.5 3.5 2 1 3 1 1
-6619.2 384.7 -54.7 90 0 7.8 13.0 7.0 3.5 2 1 2 2 2
-6606.3 384.7 -54.6 90 0 6.8 13.7 7.0 3.5 2 1 2 4 4
-6598.3 384.5 -54.6 91 0 6.5 13.0 7.0 3.5 2 1 2 0 0
-6588.2 383.3 -54.6 90 0 8.9 10.6 10.5 3.5 2 1 3 3 3
-6576.5 382.6 -54.6 90 0 7.9 15.1 10.5 0.0 0 1 3 1 1
-6572.3 399.5 -54.6 90 0 4.7 8.2 7.0 3.5 2 1 2 0 0
-6564.2 383.3 -54.5 90 0 8.2 13.8 7.0 3.5 2 1 2 0 0
-6561.0 402.3 -54.6 90 0 5.2 8.5 7.0 3.5 2 1 2 4 4
-6549.4 406.6 -54.6 90 0 7.0 8.2 10.5 3.5 2 1 3 5 5
-6551.9 382.8 -54.5 90 0 8.7 11.7 10.5 0.0 0 1 3 3 3
-6540.0 384.5 -54.5 90 0 8.9 9.6 7.0 3.5 2 1 2 5 5
-6527.6 382.3 -54.5 90 0 8.9 15.3 3.5 3.5 2 1 1 4 4
-6516.0 382.6 -54.6 89 0 7.9 25.1 7.0 3.5 4 1 2 1 1
-6517.3 335.7 -54.5 90 0 7.3 21.0 7.0 3.5 2 1 2 2 2
-6526.6 334.9 -54.4 90 0 8.2 16.4 7.0 3.5 2 1 2 0 0
-6550.1 334.9 -54.4 90 0 10.3 14.5 7.0 3.5 2 1 2 1 1
-6510.5 306.2 -54.4 90 0 5.7 7.8 7.0 3.5 2 1 2 1 1
-6527.6 283.4 -54.4 90 0 7.9 15.5 10.5 3.5 2 1 3 3 3
-6548.8 281.8 -54.4 90 0 8.2 16.2 10.5 3.5 2 1 3 0 0
-6560.4 281.8 -54.4 90 0 9.1 16.7 3.5 3.5 2 1 1 5 5
-6570.6 282.7 -54.4 90 0 7.1 13.0 3.5 0.0 0 1 1 4 4
-6590.5 281.6 -54.4 90 0 7.5 15.8 7.0 0.0 0 1 2 2 2
-6562.4 305.5 -54.4 90 0 5.9 6.8 7.0 3.5 2 1 2 5 5
-6580.4 281.6 -54.4 90 0 7.2 14.1 7.0 3.5 2 1 2 0 0
-6538.5 282.0 -54.4 90 0 8.1 13.4 7.0 3.5 2 1 2 0 0
-6515.4 235.5 -54.2 90 0 10.0 15.5 3.5 3.5 2 1 1 2 2
-6537.2 236.7 -54.2 90 0 8.0 14.5 7.0 0.0 0 1 2 5 5
-6548.8 236.2 -54.3 90 0 8.2 13.0 10.5 3.5 2 1 3 1 1
-6559.0 236.7 -54.3 90 0 8.4 13.8 3.5 3.5 2 1 1 5 5
-6569.3 237.9 -54.3 90 0 7.9 11.0 7.0 3.5 2 1 2 4 4
-6580.4 237.2 -54.3 90 0 7.2 13.1 7.0 3.5 2 1 2 0 0
-6601.5 232.4 -54.3 90 0 8.9 16.7 7.0 3.5 2 1 2 1 1
-6580.5 178.2 -54.1 90 0 7.4 19.7 3.5 3.5 2 1 1 3 3
-6569.0 183.1 -54.0 90 0 8.9 9.6 10.5 3.5 2 1 3 1 1
-6557.1 179.6 -54.0 90 0 8.0 13.8 3.5 3.5 2 1 1 2 2
-6547.3 179.6 -54.0 90 0 7.4 13.4 10.5 3.5 2 1 3 4 4
-6538.2 179.6 -54.0 90 0 7.0 13.4 3.5 3.5 4 1 1 5 5
-6525.7 184.1 -54.0 90 0 7.9 6.7 3.5 3.5 2 0 1 2 2
-6518.5 193.2 -53.9 90 0 10.3 11.0 7.0 0.0 0 1 2 3 3
-6621.9 181.7 -54.2 90 0 8.7 15.2 10.5 3.5 2 1 3 5 5
-6669.3 194.6 -54.3 90 0 17.3 15.3 10.5 3.5 2 0 3 1 1
-6671.9 176.3 -54.2 90 0 16.0 7.3 7.0 3.5 2 0 2 0 0
-6647.0 199.3 -54.2 90 0 10.5 8.2 10.5 3.5 2 0 3 5 5
-6665.2 234.8 -54.3 90 0 9.1 14.5 7.0 0.0 0 1 2 3 3
-6654.6 236.7 -54.3 90 0 7.4 13.8 7.0 3.5 2 1 2 2 2
-6643.4 234.8 -54.3 90 0 8.0 15.5 7.0 3.5 2 1 2 5 5
-6633.2 225.4 -54.3 90 0 7.7 24.6 7.0 3.5 2 1 2 1 1
-6622.5 236.2 -54.3 90 0 7.4 13.8 7.0 3.5 2 1 2 2 2
-6612.8 235.9 -54.3 90 0 7.8 14.6 10.5 3.5 2 1 3 0 0
-6608.9 126.1 -53.9 0 0 9.2 15.0 10.5 3.5 2 1 3 3 3
-6608.5 113.2 -53.8 0 0 8.2 16.7 10.5 3.5 2 1 3 5 5
-6558.2 118.9 -53.8 0 0 9.4 20.4 10.5 3.5 2 1 3 3 3
-6568.5 144.1 -53.9 270 0 20.6 9.2 10.5 3.5 2 0 3 4 4
-6558.2 103.4 -53.8 0 0 8.5 20.4 10.5 3.5 2 1 3 2 2
-6563.4 92.0 -53.6 1 0 7.8 12.8 10.5 3.5 2 1 3 4 4
-6577.2 62.4 -53.4 180 0 14.3 10.1 14.0 3.5 2 0 4 5 5
-6562.7 79.9 -53.5 0 0 8.0 12.4 10.5 3.5 2 1 3 3 3
-6577.9 46.5 -53.3 180 0 7.8 13.8 10.5 3.5 2 1 3 1 1
-6568.9 27.1 -53.2 90 0 19.4 8.7 10.5 3.5 4 0 3 4 4
-6618.4 27.1 -53.2 90 0 11.9 7.5 10.5 3.5 2 0 3 1 1
-6635.7 42.0 -53.3 180 0 10.6 11.5 14.0 3.5 2 1 4 4 4
-6631.7 57.6 -53.4 180 0 8.9 21.3 10.5 3.5 4 1 3 2 2
-6631.9 75.3 -53.5 180 0 9.1 21.5 10.5 3.5 2 1 3 2 2
-6610.6 89.3 -53.6 0 0 11.3 7.8 10.5 3.5 2 0 3 5 5
-6640.1 105.2 -53.7 180 0 14.8 5.7 10.5 3.5 2 0 3 3 3
-6680.3 113.0 -53.8 180 0 10.1 16.9 14.0 3.5 2 1 4 2 2
-6672.0 141.5 -54.0 270 0 15.2 10.1 14.0 3.5 2 0 4 4 4
-6645.5 100.2 -53.7 359 0 5.3 7.1 10.5 3.5 2 1 3 4 4
-6645.7 93.2 -53.6 0 0 5.4 6.8 10.5 3.5 2 1 3 1 1
-6653.6 85.9 -53.6 359 0 8.0 25.6 10.5 3.5 4 1 3 0 0
-6660.2 53.6 -53.3 0 0 5.3 15.0 10.5 3.5 4 1 3 4 4
-6667.5 21.6 -53.2 90 0 21.8 13.7 14.0 0.0 0 0 4 1 1
-6660.8 10.4 -53.0 270 0 7.8 6.8 10.5 3.5 2 0 3 3 3
-6669.5 -2.8 -52.9 270 0 8.3 15.0 10.5 3.5 2 1 3 2 2
-6677.8 41.7 -53.3 180 0 8.0 16.9 10.5 3.5 2 1 3 2 2
-6657.1 -2.3 -52.9 270 0 9.7 17.2 10.5 3.5 2 1 3 4 4
-6716.7 145.8 -54.1 270 0 6.3 13.2 10.5 3.5 2 1 3 2 2
-6712.1 124.2 -53.9 0 0 8.2 11.8 10.5 0.0 0 1 3 3 3
-6711.8 111.0 -53.8 0 0 8.9 12.7 10.5 0.0 0 1 3 0 0
-6711.4 77.4 -53.5 0 0 7.0 15.0 10.5 3.5 2 1 3 5 5
-6739.3 98.0 -53.7 180 0 8.9 25.3 10.5 3.5 4 1 3 4 4
-6727.5 62.1 -53.4 180 0 14.1 14.0 10.5 3.5 2 0 3 3 3
-6711.4 44.0 -53.3 0 0 9.5 12.2 10.5 0.0 0 1 3 5 5
-6722.7 24.1 -53.2 92 0 9.3 11.6 10.5 0.0 0 1 3 1 1
-6731.2 -20.1 -52.9 90 0 9.1 14.8 10.5 3.5 2 1 3 0 0
-6747.0 -3.0 -52.9 270 0 9.9 17.4 10.5 3.5 2 1 3 4 4
-6761.1 -3.0 -52.9 270 0 10.5 18.1 14.0 3.5 2 1 4 2 2
-6711.8 -10.6 -52.9 0 0 14.1 8.7 10.5 3.5 2 0 3 4 4
-6774.1 21.6 -53.2 90 0 11.2 23.3 14.0 3.5 2 1 4 1 1
-6778.8 52.7 -53.3 180 0 10.3 13.1 14.0 3.5 2 1 4 2 2
-6748.6 60.4 -53.4 0 0 8.9 6.5 10.5 3.5 2 0 3 5 5
-6779.0 70.3 -53.5 180 0 8.5 12.9 10.5 3.5 2 1 3 0 0
-6759.6 100.1 -53.7 0 0 7.0 15.4 10.5 3.5 2 1 3 5 5
-6748.6 120.4 -54.0 0 0 19.3 8.9 10.5 3.5 2 0 3 4 4
-6762.3 123.7 -53.9 0 0 8.5 11.5 10.5 3.5 2 1 3 3 3
-6768.3 141.8 -54.0 270 0 13.3 10.6 14.0 3.5 4 0 4 1 1
-6749.5 141.5 -54.1 0 0 8.5 8.0 10.5 3.5 2 0 3 4 4
-6718.8 208.8 -54.3 271 0 17.3 16.2 14.0 3.5 2 0 4 5 5
-6716.3 178.2 -54.2 90 0 7.0 12.6 10.5 3.5 2 1 3 3 3
-6758.3 206.3 -54.3 269 0 8.0 27.9 10.5 3.5 2 1 3 4 4
-6755.1 228.9 -54.4 90 0 7.5 18.8 10.5 0.0 0 1 3 1 1
-6741.6 247.5 -54.4 270 0 7.5 16.2 10.5 3.5 2 1 3 4 4
-6728.6 247.5 -54.4 270 0 8.2 14.4 10.5 3.5 2 1 3 2 2
-6845.1 173.6 -54.4 136 0 7.5 13.9 10.5 3.5 2 1 3 2 2
-6819.2 174.6 -54.3 90 0 7.5 13.7 10.5 3.5 2 1 3 3 3
-6803.2 177.7 -54.3 90 0 7.3 17.6 10.5 3.5 2 1 3 5 5
-6794.4 177.9 -54.3 90 0 5.6 14.4 10.5 3.5 2 1 3 2 2
-6786.9 177.5 -54.3 90 0 6.5 14.8 10.5 3.5 2 1 3 0 0
-6810.9 207.3 -54.4 270 0 8.1 9.1 10.5 3.5 2 1 3 0 0
-6808.2 218.6 -54.4 180 0 7.0 15.0 10.5 3.5 2 1 3 4 4
-6797.6 248.9 -54.5 270 0 8.4 12.7 10.5 3.5 2 1 3 5 5
-6800.6 224.0 -54.4 90 0 15.8 7.7 10.5 3.5 2 0 3 0 0
-6821.3 243.0 -54.5 180 0 11.2 10.5 14.0 3.5 4 0 4 0 0
-6773.1 249.2 -54.4 270 0 7.5 13.7 10.5 3.5 2 1 3 1 1
-6873.5 9.9 -53.1 271 0 12.2 9.6 10.5 3.5 2 0 3 1 1
-6878.6 -16.6 -53.1 180 0 11.2 11.0 14.0 3.5 4 0 4 0 0
-6853.5 4.5 -53.1 271 0 8.4 26.8 10.5 3.5 2 1 3 1 1
-6842.0 6.8 -53.0 270 0 10.1 20.0 14.0 3.5 2 1 4 0 0
-6815.1 10.4 -53.0 270 0 10.1 7.4 10.5 3.5 2 0 3 3 3
-6809.9 43.2 -53.3 0 0 8.2 11.9 10.5 3.5 2 1 3 1 1
-6811.7 55.2 -53.3 0 0 8.0 13.1 10.5 0.0 0 1 3 0 0
-6810.3 71.6 -53.5 0 0 7.8 14.8 10.5 3.5 2 1 3 0 0
-6872.0 20.9 -53.2 90 0 11.0 11.0 10.5 3.5 2 1 3 4 4
-6858.2 36.3 -53.2 0 0 4.5 7.7 10.5 3.5 2 1 3 5 5
-6878.1 72.7 -53.5 180 0 12.2 7.8 10.5 3.5 2 0 3 3 3
-6851.9 75.3 -53.5 359 0 7.5 8.2 10.5 0.0 0 1 3 5 5
-6878.3 95.0 -53.6 180 0 7.5 13.3 10.5 3.5 2 1 3 3 3
-6874.6 109.6 -53.6 180 0 10.8 10.9 10.5 3.5 2 1 3 4 4
-6847.0 111.3 -53.7 0 0 6.7 5.1 10.5 3.5 4 0 3 4 4
-6842.4 91.7 -53.7 180 0 23.6 5.7 10.5 3.5 2 0 3 5 5
-6809.9 97.4 -53.7 0 0 9.6 10.5 10.5 3.5 2 1 3 4 4
-6808.4 112.2 -53.9 359 0 11.3 14.7 14.0 3.5 2 1 4 2 2
-6926.5 63.4 -53.4 180 0 9.2 17.5 10.5 3.5 2 1 3 0 0
-6909.6 52.9 -53.3 0 0 8.1 15.7 10.5 0.0 0 1 3 2 2
-6913.0 38.9 -53.3 0 0 8.5 16.2 10.5 3.5 2 1 3 1 1
-6920.4 9.5 -53.1 270 0 18.2 13.4 14.0 3.5 2 0 4 4 4
-6935.3 7.2 -53.1 269 0 7.3 30.1 10.5 3.5 2 1 3 5 5
-6927.2 -76.3 -52.7 90 0 21.0 10.3 14.0 3.5 2 0 4 0 0
-6932.7 -129.7 -52.4 90 0 7.2 16.5 10.5 0.0 0 1 3 0 0
-6923.6 -129.0 -52.4 90 0 7.7 15.8 10.5 3.5 4 1 3 1 1
-6909.0 -119.5 -52.4 0 0 16.7 8.2 10.5 3.5 2 0 3 5 5
-6912.6 -155.9 -52.1 270 0 10.1 15.3 14.0 3.5 2 1 4 3 3
-6950.2 -391.6 -51.3 89 0 58.2 38.3 10.5 0.0 0 0 3 0 0
-6932.8 -414.6 -51.0 359 0 36.7 41.2 10.5 0.0 0 1 3 3 3
-6927.8 -324.9 -51.3 90 0 8.1 13.1 10.5 3.5 4 1 3 5 5
-6907.1 -319.8 -51.3 0 0 12.3 11.7 14.0 3.5 2 0 4 0 0
-6912.6 -295.8 -51.4 269 0 6.8 5.3 10.5 0.0 0 0 3 2 2
-6926.2 -258.0 -51.6 270 0 9.5 15.9 10.5 3.5 2 1 3 4 4
-6904.8 -266.3 -51.6 0 0 16.2 11.2 14.0 3.5 2 0 4 5 5
-6928.0 -209.3 -51.9 270 0 10.5 14.6 14.0 3.5 2 1 4 3 3
-6913.1 -226.5 -51.8 90 0 10.0 16.6 10.5 3.5 4 1 3 2 2
-6940.3 -223.7 -51.9 90 0 8.9 12.3 10.5 3.5 4 1 3 5 5
-6907.6 -491.7 -50.3 90 0 10.8 5.9 10.5 0.0 0 0 3 0 0
-6904.1 -465.7 -50.5 1 0 13.1 8.0 10.5 3.5 2 0 3 4 4
-6923.4 -459.3 -50.5 270 0 8.7 10.2 10.5 3.5 2 1 3 2 2
-6935.6 -459.1 -50.5 270 0 8.4 16.0 10.5 0.0 0 1 3 4 4
-6913.9 -1288.5 -46.1 180 0 83.0 12.4 7.5 2.5 2 0 3 0 0
-6934.5 -1384.3 -45.6 180 0 73.7 29.0 5.0 0.0 0 0 2 5 5
-6914.1 -1236.7 -46.2 180 0 8.1 9.1 7.5 2.5 2 1 3 0 0
-6911.5 -1226.7 -46.2 180 0 7.7 5.3 2.5 2.5 2 0 1 2 2
-1217.9 3060.3 -33.0 181 0 3.9 7.5 10.5 0.0 0 1 3 0 0
-1198.3 3113.2 -32.9 2 0 6.7 9.1 10.5 3.5 2 1 3 1 1
-1194.6 3023.6 -32.8 3 0 9.3 3.6 10.5 3.5 2 0 3 4 4
-1216.1 2906.0 -32.9 3 0 8.0 4.4 10.5 3.5 2 0 3 0 0
-1207.2 2906.0 -32.8 3 0 8.9 7.6 10.5 3.5 2 0 3 0 0
-1202.9 2890.0 -32.7 3 0 4.4 5.9 10.5 3.5 2 1 3 5 5
-6919.0 726.2 -56.1 90 0 7.0 31.2 10.5 0.0 0 1 3 1 1
-6926.3 463.9 -54.8 180 0 18.3 8.9 10.5 3.5 2 0 3 4 4
-6927.2 584.7 -55.4 180 0 15.1 10.8 14.0 3.5 4 0 4 3 3
-6931.6 642.7 -55.5 180 0 17.9 7.2 10.5 3.5 2 0 3 1 1
-6926.7 690.3 -55.8 180 0 12.0 8.4 10.5 3.5 2 0 3 1 1
-6919.6 716.5 -55.9 270 0 10.5 6.1 10.5 0.0 0 0 3 4 4
-6935.4 691.2 -55.9 0 0 15.2 8.9 10.5 3.5 2 0 3 5 5
-6937.1 490.1 -55.0 135 0 8.9 17.4 10.5 3.5 2 1 3 1 1
-6937.0 638.8 -55.6 90 0 7.0 12.7 10.5 3.5 2 1 3 4 4
-6927.9 600.0 -55.4 180 0 9.0 11.2 10.5 3.5 4 1 3 5 5
-6866.1 856.5 -56.4 270 0 7.7 14.1 10.5 3.5 4 1 3 1 1
-6778.8 583.0 -55.5 90 0 7.2 16.9 10.5 0.0 0 1 3 4 4
-6875.4 635.0 -55.8 90 0 10.5 15.8 17.5 3.5 2 1 5 5 5
-6825.5 859.0 -56.4 271 0 9.2 20.5 10.5 3.5 2 1 3 4 4
-6761.5 652.2 -55.6 270 0 8.0 13.4 10.5 3.5 2 1 3 3 3
-6777.9 858.6 -56.3 270 0 12.3 18.6 17.5 3.5 2 1 5 5 5
-6777.2 738.4 -56.0 90 0 7.8 14.4 10.5 3.5 2 1 3 0 0
-6872.0 752.0 -56.1 270 0 7.2 10.3 10.5 3.5 2 1 3 5 5
-6855.7 857.2 -56.4 270 0 8.9 15.7 10.5 3.5 2 1 3 4 4
-6844.2 788.0 -56.2 89 0 7.3 14.3 10.5 3.5 2 1 3 2 2
-6871.0 956.7 -56.7 269 0 12.9 15.0 14.0 0.0 0 1 4 5 5
-6851.1 480.6 -55.3 90 0 8.2 14.8 10.5 3.5 2 1 3 3 3
-6863.9 734.2 -56.1 90 0 4.2 18.7 10.5 3.5 4 1 3 5 5
-6938.2 1095.9 -57.3 180 0 13.3 8.4 10.5 3.5 4 0 3 5 5
-6790.9 581.9 -55.5 90 0 8.4 14.3 10.5 3.5 2 1 3 3 3
-6879.8 708.8 -56.0 270 0 10.5 25.1 17.5 3.5 4 1 5 0 0
-6797.7 787.0 -56.2 90 0 9.4 22.3 10.5 3.5 2 1 3 1 1
-6924.8 924.4 -56.8 90 0 15.2 15.1 17.5 3.5 2 0 5 1 1
-6842.3 958.5 -56.7 270 0 8.2 15.7 10.5 0.0 0 1 3 4 4
-6865.1 532.0 -55.5 90 0 9.5 20.0 10.5 3.5 2 1 3 3 3
-6773.8 384.7 -54.9 90 0 12.1 8.2 10.5 3.5 2 0 3 4 4
-6730.7 656.1 -55.6 270 0 10.5 18.0 17.5 3.5 2 1 5 2 2
-6859.6 956.9 -56.7 270 0 7.4 15.0 10.5 3.5 2 1 3 5 5
-6853.9 887.1 -56.6 90 0 14.2 22.3 14.0 3.5 4 1 4 1 1
-6928.0 1095.9 -57.3 180 0 13.3 8.4 10.5 3.5 2 0 3 4 4
-6792.9 888.5 -56.5 90 0 9.5 15.9 10.5 3.5 2 1 3 4 4
-6883.0 787.2 -56.3 90 0 8.0 16.6 10.5 3.5 2 1 3 3 3
-6717.1 745.9 -55.9 0 0 13.7 10.8 14.0 3.5 2 0 4 2 2
-6923.0 824.6 -56.5 90 0 13.1 30.1 14.0 3.5 2 1 4 2 2
-6717.8 481.8 -55.1 90 0 9.5 19.5 10.5 3.5 2 1 3 4 4
-6892.1 951.4 -56.8 180 0 10.1 8.0 10.5 0.0 0 0 3 2 2
-6745.7 737.2 -55.9 90 0 8.7 17.1 10.5 0.0 0 1 3 2 2
-6932.1 995.7 -57.0 180 0 17.2 14.4 14.0 3.5 2 0 4 3 3
-6820.1 682.5 -55.9 90 0 7.4 16.4 10.5 3.5 2 1 3 5 5
-6839.8 552.0 -55.5 270 0 7.0 12.0 10.5 0.0 0 1 3 3 3
-6720.6 887.8 -56.4 90 0 9.1 18.3 10.5 3.5 2 1 3 5 5
-6747.9 857.8 -56.2 270 0 11.7 15.1 17.5 3.5 2 1 5 2 2
-6847.1 737.2 -56.1 90 0 13.8 14.8 14.0 3.5 2 1 4 4 4
-6888.6 828.9 -56.5 90 0 7.0 32.7 10.5 3.5 2 1 3 1 1
-6821.5 807.2 -56.2 270 0 8.0 18.3 10.5 3.5 4 1 3 4 4
-6865.6 819.7 -56.3 270 0 7.2 14.1 10.5 3.5 2 1 3 4 4
-6856.0 787.0 -56.2 90 0 8.2 16.2 10.5 3.5 2 1 3 1 1
-2311.5 4071.8 -36.1 89 0 13.2 9.6 4.0 2.5 2 0 1 3 3
-2287.6 4072.1 -36.5 90 0 12.6 9.3 4.0 2.5 2 0 1 4 4
-2309.9 4061.3 -36.6 181 0 6.1 25.9 0.0 0.0 0 1 0 5 5
-2413.8 4456.8 -30.9 270 0 35.6 15.1 2.5 2.5 2 0 1 2 2
-2471.7 4484.5 -31.5 0 0 9.6 41.0 5.0 2.5 2 1 2 2 2
-2456.1 4452.9 -31.0 181 0 6.5 24.5 4.0 2.5 2 0 1 3 3
-2303.1 4454.3 -32.6 317 0 9.3 18.4 0.0 0.0 0 1 0 3 3
-2318.3 4506.1 -32.4 135 0 11.9 20.2 4.0 3.5 2 1 1 3 3
-1994.2 4356.3 -39.0 181 0 12.2 13.1 24.0 0.0 0 1 6 0 0
-1856.8 4350.7 -41.5 78 0 8.2 9.1 12.0 0.0 0 1 3 5 5
-1837.6 4259.9 -42.5 167 0 7.6 8.5 12.0 0.0 0 1 3 0 0
-2011.2 4267.6 -39.4 72 0 16.7 10.4 8.0 3.5 2 0 2 2 2
-2031.5 4177.7 -40.4 179 0 25.3 24.6 7.0 0.0 0 0 2 4 4
-2043.4 4275.3 -38.8 91 0 15.5 20.8 10.5 0.0 0 1 3 0 0
-2354.2 4148.3 -34.7 253 0 12.8 10.1 72.0 0.0 0 0 18 4 4
-2377.7 4229.9 -33.6 180 0 16.1 15.7 2.5 2.5 2 0 1 1 1
-2352.9 4214.4 -34.0 181 0 10.7 7.7 4.0 2.5 2 0 1 2 2
-2364.2 4210.8 -33.9 179 0 7.2 7.4 0.0 0.0 0 1 0 0 0
-2333.7 4477.6 -32.0 320 0 9.5 10.2 4.0 2.5 2 1 1 2 2
2847.7 959.3 -12.9 183 0 24.2 21.4 7.5 2.5 2 0 3 1 1
2841.9 1013.9 -13.3 273 0 30.7 31.3 10.0 0.0 0 1 4 1 1
1804.5 365.0 -13.7 300 0 31.2 28.4 10.5 0.0 0 0 3 2 2
1824.3 367.9 -13.7 30 0 14.7 31.2 10.5 3.5 2 1 3 0 0
-5150.5 326.8 -45.6 180 0 18.3 35.5 10.0 0.0 0 1 4 5 5
-5238.7 193.1 -46.8 180 0 20.4 10.1 7.5 2.5 4 0 3 2 2
-5254.0 181.0 -47.1 360 0 35.7 18.1 10.0 0.0 0 0 4 4 4
