-1498.3 -816.2 -6.1 44 0 7.7 9.0 2.5 2.5 2 1 1 4 4
-1465.6 -811.8 -6.4 41 0 3.2 4.3 7.5 2.5 2 1 3 1 1
-1475.1 -1109.2 -4.9 181 0 7.1 3.2 7.5 2.5 2 0 3 5 5
-1470.1 -1060.9 -5.0 268 0 4.3 4.1 5.0 2.5 2 0 2 3 3
-1580.2 -1318.1 -3.6 182 0 4.0 6.7 2.5 0.0 0 1 1 5 5
-1424.3 -1119.8 -5.4 179 0 8.2 19.3 7.5 2.5 2 1 3 5 5
-1303.2 -1165.0 -6.2 23 0 14.5 23.3 10.0 2.5 2 1 4 3 3
-1551.5 -1349.0 -3.9 59 0 9.2 29.8 7.5 2.5 2 1 3 3 3
-1402.1 -1239.2 -5.2 1 0 5.2 5.6 7.5 2.5 2 1 3 0 0
-1616.3 -1276.8 -3.4 0 0 15.6 43.7 10.0 2.5 2 1 4 0 0
-1452.9 -1085.9 -5.1 359 0 30.7 18.9 7.5 2.5 2 0 3 2 2
-1631.0 -1245.9 -3.4 269 0 8.6 16.4 7.5 2.5 2 1 3 1 1
-1575.6 -851.2 -5.2 179 0 5.0 16.9 7.5 2.5 2 1 3 3 3
-1285.7 -1170.3 -6.4 89 0 12.9 37.6 12.5 0.0 0 1 5 5 5
-1483.4 -762.6 -6.3 269 0 3.5 5.2 5.0 2.5 2 1 2 1 1
-1658.6 -1328.6 -3.1 89 0 5.2 12.0 2.5 2.5 2 1 1 2 2
-1592.3 -1282.9 -3.6 269 0 8.2 39.4 7.5 2.5 2 1 3 5 5
-5073.4 1109.2 10.6 90 0 4.9 8.0 5.0 0.0 0 1 2 4 4
-5905.5 618.8 19.8 178 0 5.5 3.4 5.0 2.5 2 0 2 2 2
2164.6 6132.7 2.5 271 0 6.0 12.1 7.5 2.5 2 1 3 3 3
-6118.9 258.9 24.5 89 0 18.8 13.0 2.5 2.5 2 0 1 4 4
-6649.4 -307.6 31.8 328 0 6.9 9.3 5.0 2.5 2 1 2 4 4
-5762.1 -817.7 31.3 92 0 7.1 14.9 2.5 2.5 2 1 1 2 2
-5786.5 -809.2 31.4 181 0 18.3 10.9 2.5 2.5 2 0 1 3 3
-5628.4 -883.4 31.3 271 0 11.4 22.4 10.0 2.5 2 1 4 5 5
-5082.3 -971.2 28.6 360 0 15.7 10.3 5.0 2.5 2 0 2 4 4
-5072.2 -1010.6 28.9 360 0 11.3 8.9 7.5 2.5 2 0 3 2 2
-5232.5 -1129.5 31.1 338 0 13.5 12.3 7.5 0.0 0 0 3 2 2
-5220.0 -1126.0 31.0 338 0 17.5 6.7 7.5 2.5 2 0 3 5 5
-5245.1 -1207.3 31.7 1 0 36.5 12.3 7.5 2.5 2 0 3 3 3
-6710.7 -4565.7 57.9 178 0 10.2 20.5 7.5 2.5 2 1 3 2 2
-6359.7 -4045.6 51.4 214 0 13.5 48.4 7.5 2.5 2 1 3 2 2
5595.1 -1123.7 -63.8 15 0 23.5 10.2 2.5 0.0 0 0 1 2 2
5454.9 -1062.4 -63.6 282 0 23.6 9.5 2.5 2.5 2 0 1 1 1
5532.6 -1322.6 -61.4 55 0 19.9 7.7 2.5 0.0 0 0 1 0 0
5229.8 -1240.5 -60.9 88 0 19.6 10.1 2.5 2.5 2 0 1 5 5
5526.6 -1173.2 -62.9 216 0 20.9 8.8 5.0 2.5 2 0 2 1 1
5676.5 -1122.1 -64.2 27 0 21.1 9.2 5.0 2.5 2 0 2 2 2
5350.0 -1134.8 -62.4 17 0 8.9 13.3 2.5 2.5 2 1 1 0 0
5196.0 -1147.5 -61.6 181 0 9.6 18.6 5.0 2.5 2 1 2 5 5
5639.7 -1080.4 -64.4 180 0 18.9 9.8 7.5 2.5 2 0 3 4 4
5714.0 -1031.8 -65.4 98 0 8.9 21.3 5.0 2.5 2 1 2 5 5
5597.4 -1264.2 -62.4 35 0 24.7 9.8 2.5 2.5 2 0 1 1 1
5440.2 -1139.2 -63.0 100 0 11.0 15.6 2.5 2.5 2 1 1 1 1
5515.6 -1066.9 -63.9 268 0 9.3 21.3 5.0 2.5 2 1 2 1 1
5758.9 -1044.9 -65.3 198 0 17.3 8.4 7.5 0.0 0 0 3 5 5
5421.4 -1217.3 -62.0 52 0 21.6 10.0 5.0 2.5 4 0 2 3 3
5585.8 -1207.8 -62.8 211 0 15.5 8.6 2.5 2.5 2 0 1 2 2
5602.7 -1028.5 -64.8 88 0 24.0 9.3 5.0 2.5 4 0 2 5 5
5533.2 -1271.1 -61.9 229 0 17.7 8.6 5.0 2.5 2 0 2 4 4
5464.7 -1276.1 -61.6 61 0 17.1 8.8 5.0 2.5 2 0 2 4 4
5479.5 -1223.5 -62.2 245 0 19.8 8.5 2.5 2.5 2 0 1 4 4
5165.2 -1150.1 -61.1 359 0 9.0 15.3 2.5 2.5 2 1 1 2 2
5513.6 -1116.3 -63.4 17 0 14.5 9.9 5.0 2.5 2 0 2 0 0
5639.1 -1106.5 -64.1 191 0 16.4 9.0 2.5 2.5 4 0 1 1 1
5742.0 -1078.9 -64.9 203 0 20.0 8.4 7.5 2.5 2 0 3 2 2
5469.1 -1025.6 -64.2 91 0 14.9 8.4 5.0 2.5 2 0 2 1 1
5418.2 -1410.6 -60.0 145 0 10.1 16.6 5.0 2.5 2 1 2 2 2
5590.4 -1068.2 -64.2 244 0 11.0 21.3 10.0 2.5 2 1 4 1 1
5435.2 -1014.1 -64.2 91 0 17.6 8.0 5.0 2.5 2 0 2 2 2
5621.3 -1221.8 -62.9 29 0 26.1 8.8 5.0 2.5 4 0 2 0 0
5612.2 -1174.7 -63.3 212 0 24.2 6.4 5.0 2.5 2 0 2 5 5
5495.9 -1297.4 -61.5 240 0 15.2 7.8 5.0 2.5 2 0 2 4 4
5556.7 -1190.3 -62.9 40 0 20.6 9.2 5.0 2.5 2 0 2 1 1
5555.7 -1081.6 -64.0 182 0 20.0 10.1 5.0 2.5 2 0 2 2 2
5704.3 -1154.7 -64.0 123 0 8.6 13.9 7.5 2.5 2 1 3 0 0
5659.7 -1149.1 -63.8 32 0 24.0 6.3 5.0 2.5 2 0 2 0 0
5364.6 -1017.9 -63.8 88 0 14.6 8.6 2.5 2.5 4 0 1 4 4
5396.5 -1089.3 -63.2 177 0 12.3 9.2 2.5 2.5 2 0 1 2 2
5466.3 -1181.2 -62.5 325 0 7.9 21.3 5.0 2.5 2 1 2 5 5
5346.6 -1050.7 -63.3 265 0 8.7 17.9 5.0 2.5 2 1 2 1 1
5228.7 -1194.3 -61.2 277 0 16.7 7.5 5.0 0.0 0 0 2 5 5
5280.0 -1217.9 -61.2 300 0 16.0 9.0 5.0 0.0 0 0 2 3 3
5563.8 -1030.5 -64.6 90 0 13.2 8.7 5.0 2.5 2 0 2 0 0
5441.3 -1245.0 -61.8 237 0 17.8 13.3 7.5 2.5 2 0 3 0 0
5418.0 -1174.7 -62.3 264 0 19.9 9.3 5.0 0.0 0 0 2 4 4
5223.1 -1029.9 -62.3 90 0 8.3 12.8 2.5 2.5 2 1 1 2 2
5294.7 -1010.1 -63.1 87 0 16.5 8.5 2.5 2.5 2 0 1 3 3
5166.6 -1234.5 -60.6 358 0 17.6 11.9 5.0 2.5 2 0 2 3 3
5764.8 -1001.5 -65.8 184 0 14.4 8.5 5.0 2.5 4 0 2 3 3
5522.1 -1032.5 -64.4 91 0 28.3 8.0 5.0 2.5 4 0 2 2 2
5386.5 -1188.3 -62.1 239 0 20.0 9.3 5.0 2.5 2 0 2 1 1
5193.0 -1055.6 -61.9 49 0 17.5 12.0 5.0 2.5 2 0 2 0 0
5568.2 -1295.8 -61.9 48 0 24.0 7.8 5.0 2.5 2 0 2 2 2
5322.1 -1119.8 -62.5 316 0 20.5 10.4 5.0 2.5 2 0 2 3 3
5249.9 -1011.3 -62.7 90 0 18.4 8.5 5.0 2.5 2 0 2 0 0
5560.9 -1239.2 -62.4 216 0 15.2 9.0 5.0 2.5 2 0 2 0 0
5384.2 -1059.7 -63.4 178 0 16.1 9.4 2.5 2.5 2 0 1 3 3
5387.2 -1008.4 -64.0 91 0 14.9 9.1 5.0 2.5 2 0 2 3 3
5580.8 -1152.6 -63.4 29 0 18.7 9.0 2.5 2.5 2 0 1 0 0
5642.1 -1182.8 -63.4 31 0 25.2 6.1 7.5 2.5 2 0 3 4 4
5722.8 -1110.8 -64.5 211 0 18.0 7.9 5.0 2.5 2 0 2 5 5
5197.2 -1194.6 -61.2 181 0 9.0 16.9 7.5 2.5 2 1 3 5 5
5467.7 -1145.7 -62.9 111 0 14.9 8.6 2.5 2.5 2 0 1 0 0
5490.8 -1154.6 -63.0 119 0 8.5 17.7 5.0 2.5 2 1 2 1 1
5401.8 -1138.2 -62.8 171 0 8.0 25.6 5.0 2.5 2 1 2 1 1
5356.0 -1211.4 -61.7 229 0 18.2 8.7 5.0 2.5 2 0 2 4 4
5316.7 -1092.5 -62.8 360 0 18.0 8.5 5.0 2.5 4 0 2 2 2
5553.5 -1113.2 -63.7 192 0 15.9 8.8 5.0 2.5 2 0 2 0 0
5198.2 -1232.3 -60.8 176 0 17.9 9.8 2.5 2.5 2 0 1 1 1
5272.9 -1009.9 -62.9 87 0 14.4 7.8 5.0 2.5 2 0 2 0 0
5403.4 -1117.3 -63.0 175 0 8.3 19.0 5.0 2.5 2 1 2 4 4
5258.3 -1207.5 -61.2 291 0 16.1 9.4 5.0 2.5 2 0 2 3 3
5341.5 -1009.8 -63.6 87 0 17.3 8.4 5.0 2.5 2 0 2 4 4
5640.1 -1027.7 -65.0 88 0 16.4 8.6 2.5 2.5 2 0 1 4 4
5674.1 -1024.6 -65.2 92 0 16.8 8.7 2.5 2.5 2 0 1 4 4
5495.2 -1254.4 -62.0 63 0 23.8 8.6 2.5 0.0 0 0 1 1 1
5365.9 -1159.8 -62.4 73 0 9.6 19.0 5.0 2.5 2 1 2 4 4
5160.9 -1289.4 -60.1 91 0 10.4 15.3 5.0 2.5 2 1 2 3 3
5144.5 -1191.8 -60.7 267 0 16.6 7.9 5.0 2.5 2 0 2 3 3
5484.6 -1072.2 -63.7 276 0 18.3 8.6 2.5 2.5 2 0 1 3 3
5628.1 -1139.4 -63.7 199 0 13.2 7.9 2.5 0.0 0 0 1 2 2
5167.0 -1258.5 -60.4 2 0 18.5 10.7 5.0 2.5 2 0 2 4 4
5323.9 -1246.7 -61.2 318 0 14.0 9.8 7.5 2.5 2 0 3 3 3
5417.8 -1055.5 -63.5 283 0 20.8 9.2 5.0 2.5 2 0 2 2 2
5159.0 -1122.3 -61.2 7 0 17.3 8.4 2.5 2.5 2 0 1 4 4
5689.5 -1069.7 -64.6 294 0 7.9 14.5 2.5 2.5 2 1 1 4 4
5298.0 -1054.3 -62.9 267 0 8.9 18.0 2.5 2.5 2 1 1 0 0
5501.7 -1201.5 -62.5 234 0 16.3 9.2 2.5 2.5 2 0 1 4 4
