6635.1 -3152.6 -211.3 278 0 24.1 14.1 7.5 2.5 2 0 3 4 4
6423.2 -3102.0 -224.7 304 0 12.7 15.1 2.5 2.5 2 1 1 0 0
6284.7 -2844.0 -237.2 68 0 17.0 12.9 5.0 0.0 0 0 2 0 0
6409.5 -2822.9 -232.5 70 0 18.2 15.2 12.5 2.5 2 0 5 4 4
4688.5 -10935.1 231.8 355 0 19.4 14.1 10.0 2.5 2 0 4 4 4
5086.6 -10744.4 299.5 338 0 5.7 6.4 2.5 2.5 2 1 1 1 1
5146.8 -10721.8 296.2 195 0 9.6 11.2 5.0 2.5 2 1 2 4 4
5155.6 -10703.1 295.5 226 0 10.7 15.5 5.0 2.5 2 1 2 4 4
5191.0 -10696.8 293.3 321 0 8.7 12.8 7.5 2.5 2 1 3 1 1
4523.3 -10500.2 186.0 50 0 6.1 12.3 7.5 2.5 2 1 3 1 1
3970.8 -9839.5 169.3 358 0 14.1 12.3 7.5 2.5 2 0 3 2 2
3826.5 -9737.4 112.3 109 0 15.8 20.0 10.0 2.5 2 1 4 4 4
3789.4 -9976.3 118.1 178 0 19.2 10.8 10.0 2.5 2 0 4 3 3
3791.5 -9958.1 119.2 114 0 8.2 7.3 5.0 2.5 2 0 2 0 0
3465.6 -10088.8 72.7 88 0 20.2 12.7 10.0 2.5 2 0 4 5 5
3359.2 -10121.3 62.3 343 0 14.4 15.9 7.5 2.5 2 1 3 1 1
3336.7 -10105.8 62.1 251 0 11.6 11.1 5.0 2.5 2 0 2 5 5
3234.8 -9952.5 56.3 182 0 7.5 6.1 5.0 2.5 2 0 2 4 4
3268.1 -10333.6 12.0 293 0 8.4 9.5 7.5 2.5 2 1 3 3 3
3263.7 -10307.0 8.6 359 0 11.8 7.7 7.5 2.5 2 0 3 0 0
3731.4 -10595.5 59.9 356 0 9.0 14.7 7.5 0.0 0 1 3 4 4
3548.9 -10421.4 42.5 181 0 11.2 10.0 5.0 2.5 2 0 2 3 3
3269.6 -10725.0 40.5 10 0 14.7 8.3 2.5 2.5 2 0 1 0 0
3346.4 -10634.6 49.4 10 0 9.5 12.6 5.0 2.5 2 1 2 3 3
3358.4 -10575.9 50.0 184 0 15.3 9.5 7.5 2.5 2 0 3 1 1
3355.0 -10503.9 38.8 263 0 6.2 11.0 7.5 2.5 2 1 3 4 4
3271.2 -10539.5 32.2 89 0 11.0 16.4 7.5 2.5 2 1 3 3 3
3141.7 -10505.8 11.3 103 0 12.9 12.3 5.0 0.0 0 0 2 3 3
2851.0 -9652.0 91.5 196 0 9.6 12.5 7.5 2.5 2 1 3 4 4
3984.2 -9400.6 97.8 74 0 19.4 15.3 10.0 2.5 2 0 4 0 0
4004.8 -9490.2 104.5 332 0 17.4 9.4 2.5 2.5 2 0 1 4 4
4024.8 -9987.9 189.6 101 0 14.2 22.0 12.5 2.5 2 1 5 3 3
2748.6 -10518.8 -32.8 132 0 17.2 15.4 12.5 2.5 2 0 5 5 5
2780.5 -10482.8 -30.1 268 0 12.1 11.4 7.5 2.5 2 0 3 2 2
2788.6 -10513.8 -28.4 125 0 10.5 15.2 5.0 2.5 4 1 2 5 5
2798.3 -10455.0 -28.8 270 0 6.9 11.3 5.0 2.5 2 1 2 0 0
2796.6 -10525.9 -27.2 121 0 7.7 9.7 5.0 0.0 0 1 2 3 3
2959.1 -10391.5 -15.7 32 0 9.6 17.7 2.5 2.5 2 1 1 2 2
3042.1 -10327.6 -9.2 52 0 9.1 7.5 5.0 2.5 2 0 2 0 0
3796.0 -5495.7 -219.1 195 0 19.2 12.7 7.5 2.5 2 0 3 5 5
3742.3 -5587.9 -217.2 265 0 7.2 19.9 2.5 2.5 2 1 1 1 1
3718.5 -5587.4 -218.3 331 0 8.4 40.7 5.0 0.0 0 1 2 4 4
3673.0 -5612.9 -218.2 62 0 14.8 11.5 5.0 2.5 2 0 2 0 0
3613.4 -5654.2 -217.3 133 0 14.7 8.8 7.5 2.5 2 0 3 0 0
3582.0 -5617.4 -216.9 178 0 6.1 13.0 5.0 0.0 0 1 2 3 3
3606.6 -5616.2 -217.1 288 0 6.2 5.7 7.5 2.5 2 0 3 2 2
3816.6 -5308.1 -224.3 87 0 14.8 25.7 12.5 2.5 2 1 5 5 5
-1502.3 -9478.6 -174.3 280 0 8.0 18.8 5.0 2.5 2 1 2 0 0
-1476.4 -9452.0 -176.5 91 0 6.6 16.9 5.0 2.5 2 1 2 4 4
-1310.9 -8105.7 -226.7 180 0 16.2 14.4 7.5 2.5 4 0 3 0 0
-1402.7 -7971.3 -235.5 93 0 10.6 13.4 5.0 2.5 2 1 2 0 0
-1119.4 -7892.6 -233.1 191 0 11.2 15.3 2.5 2.5 2 1 1 3 3
-1088.1 -7877.8 -232.2 9 0 15.5 9.9 7.5 2.5 4 0 3 0 0
-1093.7 -7943.3 -234.4 15 0 10.0 10.9 5.0 2.5 2 1 2 2 2
-1093.5 -7987.7 -234.4 187 0 13.9 20.1 7.5 2.5 2 1 3 3 3
-1087.4 -8056.3 -232.6 86 0 21.3 16.9 10.0 2.5 2 0 4 1 1
-1040.4 -8064.7 -233.3 357 0 15.1 22.4 12.5 2.5 2 1 5 1 1
-1065.1 -7707.0 -238.3 21 0 20.6 22.7 7.5 2.5 4 1 3 5 5
-1063.0 -7724.8 -237.6 289 0 8.2 10.5 7.5 2.5 2 1 3 5 5
-971.1 -7576.6 -238.3 330 0 8.6 14.1 7.5 2.5 2 1 3 5 5
-1167.9 -8042.8 -230.4 266 0 10.3 8.4 5.0 2.5 2 0 2 3 3
-1311.7 -7985.5 -234.5 175 0 9.1 12.4 5.0 2.5 2 1 2 2 2
-1291.3 -7961.5 -235.2 257 0 18.1 13.3 7.5 2.5 2 0 3 3 3
-1277.1 -8055.4 -229.4 265 0 9.0 16.6 7.5 2.5 4 1 3 3 3
-987.7 -8042.0 -229.4 151 0 11.4 10.8 5.0 2.5 2 0 2 3 3
-946.7 -8027.8 -226.4 325 0 20.1 15.0 12.5 2.5 2 0 5 3 3
-900.1 -8093.6 -214.6 170 0 12.1 12.4 7.5 2.5 2 1 3 0 0
-850.3 -8089.4 -206.3 253 0 14.0 12.1 7.5 2.5 4 0 3 5 5
-863.1 -8044.5 -210.8 56 0 5.6 6.7 5.0 2.5 2 1 2 5 5
-898.5 -8168.7 -218.8 256 0 10.6 9.1 2.5 2.5 4 0 1 4 4
-883.8 -8171.3 -216.2 245 0 12.7 9.1 2.5 2.5 2 0 1 1 1
-832.1 -8255.2 -212.6 179 0 11.1 9.1 5.0 2.5 2 0 2 5 5
-865.8 -8282.9 -220.9 345 0 21.5 14.5 10.0 0.0 0 0 4 2 2
-923.2 -8217.2 -225.0 329 0 24.6 15.8 12.5 0.0 0 0 5 0 0
-955.2 -8181.5 -227.1 348 0 13.5 8.4 5.0 2.5 2 0 2 1 1
-976.9 -8162.1 -229.8 350 0 17.4 12.9 2.5 0.0 0 0 1 4 4
-734.9 -8147.1 -184.4 296 0 10.2 10.2 7.5 2.5 2 0 3 3 3
-693.8 -8161.1 -186.2 110 0 10.2 11.1 2.5 2.5 2 1 1 4 4
-683.1 -8168.9 -183.2 167 0 13.5 11.3 5.0 2.5 2 0 2 1 1
-673.3 -8196.1 -177.0 276 0 10.3 10.7 7.5 2.5 2 1 3 5 5
-680.7 -8088.5 -194.8 5 0 7.4 8.1 7.5 2.5 2 1 3 1 1
-634.6 -8236.7 -176.6 304 0 6.2 6.4 7.5 2.5 2 1 3 0 0
-561.6 -8453.1 -196.8 114 0 11.9 14.5 7.5 2.5 2 1 3 0 0
-559.5 -8465.0 -198.6 21 0 7.3 8.8 5.0 2.5 2 1 2 2 2
-818.1 -8383.8 -219.7 354 0 17.0 15.3 12.5 2.5 2 0 5 3 3
-948.6 -8392.3 -226.7 175 0 19.2 18.0 10.0 0.0 0 0 4 5 5
-858.7 -8392.6 -222.0 351 0 11.9 12.6 10.0 2.5 2 1 4 5 5
-807.8 -8420.3 -219.1 354 0 13.6 17.7 5.0 2.5 2 1 2 4 4
-818.6 -8440.0 -219.5 352 0 7.4 12.9 2.5 2.5 2 1 1 3 3
-1052.2 -8299.9 -230.2 70 0 7.6 6.4 7.5 2.5 2 0 3 4 4
-774.9 -8692.0 -215.2 352 0 24.0 14.4 10.0 2.5 2 0 4 3 3
-846.3 -8750.3 -218.3 171 0 7.4 9.1 7.5 2.5 2 1 3 1 1
-764.6 -8732.4 -213.5 353 0 6.5 7.0 2.5 2.5 2 1 1 1 1
-827.8 -8826.4 -217.1 352 0 11.2 10.8 7.5 2.5 2 0 3 3 3
-785.4 -8885.0 -214.3 83 0 19.6 12.1 10.0 2.5 2 0 4 2 2
-700.9 -8738.9 -205.5 170 0 16.2 15.0 7.5 2.5 2 0 3 1 1
-696.2 -8770.2 -208.3 169 0 13.1 9.1 5.0 2.5 2 0 2 2 2
-674.8 -8839.2 -208.8 90 0 8.7 11.9 7.5 2.5 4 1 3 1 1
-678.6 -8806.5 -208.3 182 0 12.7 11.6 5.0 2.5 2 0 2 5 5
-652.7 -8865.0 -206.2 275 0 15.3 18.1 10.0 2.5 2 1 4 0 0
-658.0 -8912.7 -200.9 167 0 9.5 7.1 5.0 2.5 2 0 2 0 0
-621.7 -8853.3 -201.4 257 0 8.8 8.3 5.0 2.5 2 0 2 5 5
-644.1 -8954.0 -199.7 177 0 6.1 10.3 2.5 2.5 2 1 1 3 3
-637.2 -8974.1 -199.2 168 0 14.4 12.9 5.0 2.5 2 0 2 4 4
-648.8 -9004.3 -203.4 154 0 21.2 10.5 5.0 2.5 2 0 2 0 0
-629.5 -9041.2 -200.7 158 0 17.3 12.7 5.0 0.0 0 0 2 1 1
-555.0 -9008.4 -189.7 337 0 11.5 17.8 7.5 2.5 2 1 3 1 1
-560.5 -9054.3 -191.7 6 0 11.8 7.9 5.0 2.5 2 0 2 0 0
-588.0 -9086.5 -196.9 111 0 9.4 10.0 2.5 2.5 2 1 1 0 0
-542.6 -9134.1 -191.6 156 0 16.8 11.6 7.5 2.5 2 0 3 4 4
-584.2 -9189.5 -203.8 338 0 20.4 14.1 10.0 0.0 0 0 4 0 0
-617.6 -9146.3 -204.4 332 0 14.0 8.9 5.0 2.5 2 0 2 3 3
-649.9 -9150.1 -208.2 337 0 8.8 8.2 7.5 2.5 2 0 3 4 4
-630.8 -9130.2 -206.2 356 0 18.0 14.8 12.5 2.5 2 0 5 5 5
-641.7 -9112.5 -206.5 334 0 9.4 9.1 2.5 2.5 2 0 1 5 5
-599.5 -9128.5 -202.0 322 0 23.3 9.4 5.0 2.5 2 0 2 0 0
-566.8 -9169.3 -200.6 320 0 18.3 11.5 5.0 2.5 2 0 2 1 1
-555.6 -9193.3 -201.3 336 0 8.8 12.9 2.5 2.5 2 1 1 5 5
-574.2 -9226.4 -203.9 295 0 9.9 9.6 5.0 2.5 2 0 2 0 0
-563.2 -9261.5 -201.9 110 0 19.0 16.1 10.0 2.5 2 0 4 3 3
-449.2 -9200.7 -193.2 282 0 7.6 9.0 2.5 2.5 2 1 1 3 3
-307.2 -9226.0 -185.6 305 0 16.8 11.3 5.0 2.5 2 0 2 1 1
-422.8 -9264.6 -194.5 80 0 18.9 17.3 12.5 2.5 2 0 5 4 4
-721.7 -9219.6 -206.0 209 0 7.6 6.1 5.0 0.0 0 0 2 1 1
-815.1 -9031.0 -212.1 164 0 17.3 14.3 10.0 2.5 2 0 4 0 0
-885.1 -9085.5 -206.2 243 0 17.2 16.7 12.5 2.5 2 0 5 1 1
-747.8 -9243.2 -203.9 202 0 8.8 11.0 5.0 2.5 2 1 2 4 4
-693.1 -9460.0 -189.7 200 0 29.1 14.4 12.5 2.5 2 0 5 2 2
-667.0 -9417.5 -190.6 187 0 16.9 5.0 5.0 2.5 2 0 2 1 1
-726.4 -9489.9 -187.1 186 0 7.7 6.6 7.5 2.5 2 0 3 5 5
-903.0 -9099.5 -205.0 243 0 13.1 12.5 2.5 2.5 2 0 1 4 4
-554.0 -9392.4 -192.5 115 0 9.3 6.5 2.5 2.5 2 0 1 2 2
-561.1 -9335.5 -193.2 278 0 9.0 13.7 5.0 2.5 2 1 2 4 4
-505.1 -9333.0 -194.1 230 0 14.0 18.1 12.5 2.5 2 1 5 4 4
-396.4 -9323.9 -195.3 298 0 14.3 12.0 10.0 0.0 0 0 4 5 5
-1276.0 -8949.1 -204.6 178 0 12.8 22.9 12.5 2.5 2 1 5 2 2
-1282.8 -8989.4 -202.1 178 0 11.4 8.6 2.5 2.5 2 0 1 1 1
-1586.0 -8294.9 -224.2 88 0 8.9 13.1 7.5 2.5 2 1 3 2 2
-1584.0 -8306.9 -222.4 39 0 4.7 5.9 7.5 2.5 2 1 3 1 1
-1633.2 -8463.9 -215.3 268 0 21.6 9.5 7.5 2.5 2 0 3 5 5
-1621.0 -8497.0 -212.7 358 0 15.4 14.5 2.5 2.5 4 0 1 4 4
-1630.3 -8541.1 -210.5 357 0 19.7 14.7 15.0 0.0 0 0 6 1 1
-1619.1 -8797.5 -202.1 359 0 53.3 23.9 10.0 2.5 4 0 4 3 3
-1602.6 -9098.6 -189.1 359 0 18.7 19.5 10.0 2.5 2 1 4 2 2
-1632.0 -9159.1 -185.6 178 0 16.8 7.5 7.5 2.5 2 0 3 2 2
-1609.5 -9181.3 -185.1 360 0 19.6 17.8 10.0 2.5 2 0 4 0 0
-1612.2 -9237.1 -184.1 359 0 13.2 5.5 5.0 2.5 2 0 2 4 4
-1622.4 -9208.6 -184.6 179 0 21.9 7.7 7.5 2.5 2 0 3 4 4
-1787.3 -9291.1 -197.2 87 0 13.1 12.8 7.5 2.5 4 0 3 5 5
-1775.7 -9300.9 -196.2 91 0 9.9 7.9 2.5 2.5 2 0 1 1 1
-1877.5 -9377.7 -203.6 171 0 21.0 12.6 12.5 2.5 2 0 5 5 5
-1869.9 -9339.0 -203.5 83 0 7.4 18.6 7.5 2.5 2 1 3 5 5
-1789.6 -9473.2 -198.2 179 0 6.9 9.0 7.5 2.5 2 1 3 3 3
-961.9 -7752.1 -235.3 332 0 7.7 8.4 5.0 2.5 2 1 2 4 4
-939.3 -7804.8 -230.0 136 0 10.1 13.7 5.0 2.5 2 1 2 3 3
-854.4 -7731.6 -234.5 5 0 16.3 11.1 5.0 2.5 2 0 2 0 0
-839.6 -7759.7 -232.6 263 0 15.8 15.7 5.0 2.5 2 0 2 2 2
-812.2 -7922.7 -209.5 340 0 13.9 20.5 12.5 0.0 0 1 5 5 5
-786.9 -7921.8 -210.6 244 0 8.0 8.9 7.5 2.5 2 1 3 5 5
-703.0 -7814.1 -226.6 279 0 18.4 34.2 10.0 0.0 0 1 4 3 3
-682.7 -7811.4 -219.7 3 0 11.9 7.1 5.0 2.5 2 0 2 4 4
-961.9 -7459.5 -231.0 327 0 13.4 37.1 12.5 2.5 2 1 5 2 2
-967.5 -7439.2 -221.6 58 0 13.1 13.1 5.0 2.5 2 1 2 5 5
-917.2 -8870.4 -216.0 63 0 15.8 19.5 7.5 2.5 2 1 3 3 3
-896.1 -8808.9 -218.0 337 0 13.8 22.1 12.5 2.5 2 1 5 3 3
-890.6 -8823.7 -217.6 343 0 8.8 10.9 7.5 2.5 2 1 3 1 1
-937.5 -8731.0 -219.5 328 0 20.3 12.1 7.5 2.5 4 0 3 2 2
-926.3 -8717.7 -220.5 60 0 16.7 10.3 5.0 2.5 2 0 2 3 3
-1038.8 -9005.2 -207.5 179 0 21.9 10.0 2.5 2.5 2 0 1 1 1
-1043.2 -8981.2 -208.1 0 0 12.4 16.7 10.0 2.5 2 1 4 4 4
-1072.9 -9014.5 -206.1 112 0 9.6 11.3 2.5 2.5 2 1 1 3 3
-1088.9 -9025.0 -204.8 267 0 16.6 11.9 5.0 2.5 2 0 2 1 1
-1101.2 -9010.6 -205.8 87 0 18.9 11.8 5.0 2.5 4 0 2 1 1
-1123.1 -9019.6 -204.0 297 0 6.6 7.7 2.5 2.5 2 1 1 2 2
-1116.4 -8981.5 -206.3 177 0 5.1 9.1 5.0 2.5 2 1 2 5 5
-1158.4 -8981.9 -205.7 179 0 11.6 20.7 2.5 2.5 4 1 1 1 1
-1161.3 -8967.4 -206.0 180 0 12.2 7.3 7.5 2.5 2 0 3 3 3
-1143.8 -8959.6 -206.8 90 0 7.9 6.8 5.0 2.5 2 0 2 0 0
-1133.5 -8936.0 -208.0 1 0 9.6 10.6 5.0 2.5 4 1 2 4 4
-1118.9 -8933.2 -208.9 182 0 10.1 17.6 7.5 2.5 2 1 3 3 3
-1091.8 -8975.0 -207.2 180 0 5.9 7.7 7.5 2.5 2 1 3 3 3
-561.3 -8867.7 -188.2 308 0 10.6 14.8 2.5 2.5 2 1 1 4 4
-593.2 -8800.3 -200.4 345 0 8.7 14.9 5.0 2.5 2 1 2 4 4
-321.8 -9336.7 -192.0 297 0 14.8 17.7 12.5 2.5 2 1 5 1 1
-420.8 -8817.1 -182.2 252 0 24.8 11.8 10.0 0.0 0 0 4 3 3
-339.8 -8778.2 -184.7 93 0 8.0 7.4 5.0 2.5 2 0 2 1 1
-328.0 -8750.4 -182.2 263 0 10.0 7.0 7.5 2.5 4 0 3 2 2
-267.4 -8797.3 -178.8 154 0 12.2 19.9 5.0 2.5 2 1 2 1 1
-178.5 -8800.7 -162.2 56 0 13.8 10.1 5.0 2.5 4 0 2 2 2
-174.8 -8644.6 -153.6 100 0 6.6 9.0 5.0 2.5 2 1 2 5 5
-227.7 -8668.9 -162.9 113 0 7.5 7.7 5.0 2.5 2 1 2 0 0
-491.2 -8806.9 -187.2 73 0 10.0 5.6 7.5 2.5 2 0 3 3 3
-470.9 -8847.7 -180.5 77 0 9.2 7.8 7.5 0.0 0 0 3 2 2
-521.8 -8862.0 -182.4 78 0 8.9 7.4 7.5 2.5 4 0 3 0 0
-502.1 -8856.1 -180.7 75 0 8.9 9.6 7.5 0.0 0 1 3 4 4
-666.7 -7302.0 -229.4 342 0 10.8 22.8 10.0 2.5 2 1 4 5 5
-664.8 -7279.7 -225.3 69 0 8.7 6.8 7.5 2.5 2 0 3 1 1
-630.3 -7217.8 -217.9 146 0 28.5 15.9 10.0 2.5 2 0 4 0 0
-610.5 -7248.8 -214.9 197 0 9.7 8.1 5.0 2.5 2 0 2 2 2
-594.2 -7240.3 -212.9 9 0 7.3 7.4 7.5 2.5 2 1 3 3 3
-556.7 -7480.4 -203.8 71 0 6.1 7.1 2.5 0.0 0 1 1 5 5
-880.9 -6689.2 -215.7 82 0 13.9 32.3 10.0 2.5 2 1 4 4 4
-993.8 -6751.0 -207.5 40 0 14.9 16.8 2.5 2.5 2 1 1 4 4
-1027.0 -6804.0 -202.1 63 0 10.4 10.7 2.5 2.5 2 1 1 0 0
-1006.6 -6541.3 -216.7 41 0 16.0 12.7 7.5 2.5 2 0 3 0 0
-1049.4 -6550.8 -215.4 137 0 15.4 13.1 2.5 2.5 2 0 1 1 1
-1026.8 -6564.3 -215.2 128 0 10.4 11.7 5.0 2.5 2 1 2 4 4
-1097.8 -10001.0 -159.3 277 0 19.8 28.8 12.5 2.5 2 1 5 5 5
-1070.4 -9565.8 -183.1 340 0 26.8 18.7 10.0 2.5 2 0 4 5 5
-1054.3 -9609.4 -180.9 56 0 15.2 16.1 5.0 2.5 2 1 2 4 4
-1053.0 -9629.3 -179.1 294 0 7.1 15.9 5.0 2.5 4 1 2 1 1
-1015.3 -9683.0 -176.2 344 0 18.7 13.9 15.0 0.0 0 0 6 3 3
-968.1 -9643.3 -178.0 119 0 15.0 21.6 12.5 2.5 4 1 5 1 1
-797.2 -9749.3 -171.6 269 0 7.5 25.1 2.5 2.5 2 1 1 2 2
-790.6 -9794.3 -169.8 359 0 12.5 9.1 5.0 2.5 2 0 2 2 2
-714.9 -9980.6 -161.1 90 0 18.4 6.4 5.0 2.5 2 0 2 0 0
-758.6 -9992.9 -160.8 90 0 12.7 10.4 5.0 2.5 2 0 2 1 1
-770.5 -9980.6 -160.9 269 0 5.4 14.9 7.5 0.0 0 1 3 1 1
-742.0 -9943.4 -162.6 268 0 3.9 7.3 7.5 2.5 4 1 3 5 5
-766.2 -10007.7 -156.4 90 0 5.5 7.1 2.5 2.5 4 1 1 0 0
-325.2 -9943.8 -166.9 157 0 22.6 17.5 12.5 2.5 2 0 5 5 5
-327.6 -9962.3 -165.4 259 0 14.9 14.9 5.0 2.5 2 1 2 3 3
-315.7 -9978.4 -164.9 268 0 7.4 5.8 7.5 2.5 2 0 3 1 1
-338.4 -9964.2 -164.9 345 0 7.2 8.0 7.5 2.5 2 1 3 5 5
-347.8 -9956.8 -164.9 354 0 7.9 10.5 7.5 2.5 2 1 3 4 4
-281.7 -9817.0 -174.4 111 0 33.5 14.5 10.0 2.5 2 0 4 5 5
-180.7 -9808.0 -176.0 75 0 19.8 11.0 7.5 2.5 2 0 3 1 1
-897.0 -10104.0 -134.3 99 0 7.6 7.9 5.0 2.5 2 1 2 3 3
-881.9 -10106.9 -134.2 100 0 12.0 8.1 7.5 2.5 4 0 3 1 1
-898.5 -10114.9 -132.4 271 0 8.3 5.8 7.5 2.5 2 0 3 4 4
-882.1 -10115.5 -130.4 281 0 6.9 6.6 5.0 2.5 2 0 2 2 2
-954.2 -10016.8 -159.4 353 0 10.3 8.0 2.5 2.5 2 0 1 2 2
-978.0 -10010.3 -159.7 274 0 15.7 10.3 5.0 2.5 2 0 2 3 3
-1004.3 -10023.1 -159.5 359 0 13.0 14.4 2.5 2.5 2 1 1 3 3
-1042.5 -10015.1 -159.3 269 0 15.8 10.4 5.0 2.5 2 0 2 4 4
-204.6 -9970.4 -168.4 351 0 20.0 12.8 12.5 2.5 2 0 5 5 5
-221.9 -10074.3 -163.7 86 0 10.1 18.6 5.0 2.5 2 1 2 2 2
-205.4 -10064.6 -164.7 90 0 10.6 8.1 5.0 2.5 2 0 2 2 2
-183.3 -10114.9 -159.8 75 0 17.5 14.3 2.5 2.5 2 0 1 2 2
-182.3 -10121.3 -156.1 343 0 8.5 9.2 7.5 2.5 2 1 3 2 2
-177.6 -10177.4 -147.8 71 0 9.9 7.2 5.0 2.5 2 0 2 4 4
-184.0 -10165.5 -148.8 78 0 5.7 5.9 5.0 2.5 2 1 2 3 3
-167.5 -10186.8 -145.6 248 0 6.2 5.5 7.5 2.5 2 0 3 3 3
-213.6 -10180.3 -149.2 89 0 14.8 9.7 2.5 2.5 2 0 1 0 0
-96.9 -10176.4 -157.4 164 0 23.9 11.2 12.5 2.5 2 0 5 5 5
-103.3 -10191.2 -151.1 250 0 6.9 11.7 5.0 2.5 2 1 2 3 3
-86.6 -10204.1 -151.1 248 0 5.7 5.7 7.5 2.5 2 0 3 2 2
1.9 -10232.7 -160.6 267 0 11.1 9.5 7.5 0.0 0 0 3 1 1
-25.2 -10233.0 -158.5 265 0 7.8 11.6 2.5 2.5 2 1 1 2 2
-13.0 -10204.3 -162.1 84 0 6.9 6.5 7.5 2.5 2 0 3 2 2
-101.7 -9989.6 -170.7 164 0 13.1 17.1 5.0 2.5 2 1 2 3 3
-141.4 -9902.6 -172.9 86 0 18.9 8.1 5.0 2.5 2 0 2 0 0
-119.3 -9917.8 -172.6 224 0 14.0 15.0 5.0 2.5 2 1 2 4 4
-188.0 -9791.7 -176.5 63 0 8.4 4.6 5.0 2.5 4 0 2 1 1
-175.8 -9621.1 -188.9 96 0 23.5 13.8 10.0 2.5 2 0 4 5 5
-228.5 -9598.5 -189.6 131 0 11.4 9.5 5.0 2.5 2 0 2 1 1
-246.4 -9592.6 -189.7 40 0 11.6 9.7 5.0 2.5 2 0 2 0 0
-255.0 -9600.0 -188.8 38 0 5.4 7.0 7.5 2.5 2 1 3 2 2
-250.9 -9610.8 -188.1 25 0 6.2 9.0 5.0 2.5 2 1 2 4 4
-137.0 -9645.7 -187.3 142 0 8.3 8.3 5.0 2.5 2 0 2 4 4
-122.8 -9635.5 -188.0 146 0 9.7 9.3 2.5 2.5 4 0 1 4 4
61.7 -9745.3 -180.7 5 0 10.5 15.4 7.5 0.0 0 1 3 5 5
68.8 -9747.6 -179.7 277 0 6.2 5.7 5.0 2.5 4 0 2 3 3
83.3 -9753.7 -179.0 184 0 6.1 5.8 7.5 2.5 2 0 3 2 2
107.7 -9937.7 -171.9 39 0 10.8 20.3 2.5 2.5 2 1 1 1 1
111.6 -9886.4 -173.0 108 0 5.9 6.8 2.5 2.5 4 1 1 1 1
38.8 -10034.7 -169.6 181 0 14.1 13.6 5.0 2.5 2 0 2 2 2
55.6 -9593.7 -179.7 177 0 22.1 15.3 12.5 2.5 2 0 5 1 1
51.4 -9536.7 -179.4 178 0 14.2 19.2 12.5 2.5 2 1 5 3 3
3.4 -9433.5 -177.4 146 0 19.9 17.8 12.5 2.5 2 0 5 4 4
-69.9 -9382.0 -184.5 203 0 18.0 18.8 10.0 2.5 2 1 4 1 1
-40.3 -9298.6 -180.4 179 0 7.8 6.5 2.5 2.5 2 0 1 3 3
-34.4 -9431.0 -183.7 21 0 4.6 12.3 7.5 2.5 4 1 3 4 4
-116.8 -9375.5 -186.3 62 0 14.8 7.7 7.5 2.5 2 0 3 5 5
-92.5 -9249.4 -174.2 123 0 5.2 6.5 5.0 0.0 0 1 2 5 5
-94.5 -9277.0 -178.1 185 0 16.6 8.1 5.0 0.0 0 0 2 2 2
-59.9 -9300.1 -182.2 1 0 8.2 7.8 7.5 0.0 0 0 3 2 2
1024.8 -8596.9 83.4 296 0 29.0 15.4 10.0 2.5 2 0 4 3 3
-39.3 -9886.6 -175.6 341 0 8.3 12.8 5.0 2.5 2 1 2 5 5
-27.4 -9817.5 -178.6 311 0 9.8 12.5 7.5 2.5 2 1 3 5 5
-7.2 -9972.4 -173.1 351 0 12.1 18.6 7.5 2.5 2 1 3 5 5
-30.8 -9956.6 -173.1 353 0 8.3 11.2 2.5 2.5 2 1 1 3 3
-29.3 -9970.4 -172.6 354 0 7.5 11.4 2.5 2.5 2 1 1 3 3
-21.6 -9994.5 -171.9 356 0 10.3 12.2 2.5 2.5 2 1 1 1 1
104.2 -10169.7 -157.0 96 0 12.1 10.4 10.0 2.5 2 0 4 5 5
98.3 -10203.5 -164.0 257 0 17.8 13.4 5.0 2.5 2 0 2 2 2
39.4 -10351.0 -138.5 342 0 12.5 9.8 5.0 2.5 2 0 2 1 1
70.9 -10464.2 -150.4 335 0 18.3 13.2 2.5 2.5 2 0 1 1 1
132.7 -10495.2 -153.8 121 0 8.7 9.1 5.0 2.5 2 1 2 5 5
106.0 -10463.9 -154.6 171 0 7.1 5.6 5.0 2.5 4 0 2 4 4
116.9 -10470.7 -154.1 120 0 4.8 5.9 2.5 2.5 2 1 1 3 3
116.9 -10535.9 -149.0 342 0 12.2 11.3 5.0 2.5 2 0 2 1 1
87.3 -10565.3 -143.6 89 0 4.7 4.2 7.5 2.5 2 0 3 4 4
87.1 -10559.3 -144.1 89 0 4.7 4.1 5.0 2.5 2 0 2 5 5
84.6 -10551.3 -144.6 179 0 4.2 4.7 2.5 2.5 4 1 1 0 0
143.2 -10383.1 -150.9 205 0 14.3 11.1 7.5 2.5 2 0 3 4 4
142.9 -10366.7 -148.3 140 0 9.3 7.7 5.0 2.5 2 0 2 0 0
42.1 -10018.5 -170.0 179 0 7.1 7.7 2.5 2.5 2 1 1 0 0
-108.0 -10020.6 -168.9 177 0 6.6 11.4 5.0 2.5 4 1 2 5 5
185.3 -10206.5 -151.2 92 0 14.5 22.5 12.5 2.5 4 1 5 0 0
412.8 -10924.6 -120.8 167 0 25.1 13.0 10.0 2.5 2 0 4 0 0
229.4 -10835.5 -141.2 165 0 15.8 10.2 2.5 2.5 2 0 1 3 3
199.6 -10538.6 -151.6 208 0 13.3 20.1 10.0 2.5 2 1 4 1 1
1584.6 -10725.2 -107.0 59 0 21.0 16.1 10.0 2.5 2 0 4 5 5
-1543.9 -5706.0 -259.1 81 0 6.2 11.9 5.0 0.0 0 1 2 1 1
-1609.4 -6772.9 -181.6 34 0 5.8 22.4 5.0 2.5 4 1 2 0 0
-2001.3 -7020.1 -155.4 269 0 23.8 13.1 5.0 2.5 2 0 2 5 5
-1984.3 -7002.5 -156.8 91 0 23.9 12.3 7.5 2.5 2 0 3 1 1
-1956.3 -7014.9 -155.8 267 0 18.4 17.1 10.0 2.5 2 0 4 0 0
-2301.1 -6671.6 -200.1 334 0 12.2 13.7 7.5 2.5 2 1 3 1 1
-2328.1 -6665.7 -201.1 154 0 6.0 12.1 2.5 2.5 2 1 1 4 4
-2295.9 -6662.5 -200.4 63 0 5.2 4.3 5.0 2.5 2 0 2 3 3
-2287.7 -6700.1 -197.8 347 0 5.6 5.6 5.0 2.5 2 1 2 2 2
1814.2 -9237.2 119.6 49 0 18.8 26.3 10.0 2.5 2 1 4 0 0
1459.2 -8857.6 104.5 189 0 15.6 26.4 12.5 2.5 2 1 5 4 4
1335.9 -8179.2 14.5 201 0 5.1 7.3 7.5 2.5 2 1 3 5 5
1874.7 -8879.6 60.1 47 0 9.0 8.8 5.0 2.5 2 0 2 5 5
1843.1 -8872.3 63.0 150 0 8.3 11.1 7.5 2.5 2 1 3 4 4
1812.4 -8607.3 25.2 182 0 14.2 12.9 7.5 2.5 2 0 3 3 3
1810.1 -8620.0 28.3 229 0 7.8 8.0 2.5 2.5 2 1 1 5 5
2254.6 -8723.9 12.9 294 0 19.2 23.0 10.0 2.5 2 1 4 3 3
2222.0 -8741.3 15.0 205 0 20.0 10.2 5.0 2.5 2 0 2 0 0
2122.6 -9056.5 48.2 62 0 17.5 30.2 12.5 2.5 2 1 5 0 0
2313.3 -9128.7 46.4 324 0 9.8 9.4 7.5 0.0 0 0 3 4 4
2399.9 -9186.3 45.7 258 0 25.5 17.4 12.5 2.5 2 0 5 4 4
2626.7 -9311.8 51.7 35 0 4.0 4.6 5.0 2.5 2 1 2 3 3
3042.4 -9450.7 51.7 278 0 8.6 9.1 7.5 0.0 0 1 3 0 0
3073.1 -9472.8 48.5 284 0 8.8 7.7 7.5 2.5 2 0 3 0 0
2928.5 -9110.0 27.3 139 0 7.8 7.8 7.5 2.5 4 0 3 4 4
2743.0 -8750.6 -0.8 280 0 15.1 16.0 7.5 2.5 2 1 3 5 5
2780.0 -8779.5 -1.3 106 0 4.7 6.5 7.5 2.5 4 1 3 2 2
2766.6 -8774.1 -1.0 106 0 4.7 6.8 5.0 2.5 2 1 2 4 4
2790.0 -8784.0 -1.2 114 0 5.3 6.1 7.5 2.5 2 1 3 2 2
2783.4 -8789.5 -0.0 202 0 7.0 6.4 5.0 2.5 2 0 2 0 0
756.4 -7445.6 -111.5 290 0 19.6 22.6 12.5 2.5 2 1 5 4 4
702.0 -7429.5 -114.0 201 0 5.0 3.5 5.0 0.0 0 0 2 5 5
681.3 -7282.0 -130.1 296 0 9.6 16.5 5.0 2.5 2 1 2 5 5
650.5 -7307.4 -131.9 101 0 14.5 22.4 12.5 2.5 2 1 5 3 3
1019.8 -7402.9 -107.4 253 0 16.0 14.3 5.0 2.5 4 0 2 1 1
1427.9 -7659.9 -80.1 290 0 14.4 25.9 12.5 2.5 2 1 5 0 0
1416.5 -7636.4 -83.4 95 0 8.1 10.2 7.5 0.0 0 1 3 0 0
1521.1 -7732.2 -74.8 194 0 9.0 10.4 7.5 2.5 2 1 3 4 4
2882.4 -8638.6 -6.2 245 0 13.9 36.8 7.5 2.5 2 1 3 1 1
2812.5 -8635.1 -3.7 312 0 8.8 13.6 5.0 2.5 2 1 2 1 1
2570.7 -8365.1 -24.5 103 0 19.1 20.7 12.5 2.5 2 1 5 1 1
2078.1 -6693.2 -170.1 284 0 8.6 12.8 7.5 0.0 0 1 3 4 4
2566.5 -7986.7 -74.8 21 0 10.2 10.8 5.0 2.5 2 1 2 4 4
2807.8 -8040.3 -72.3 124 0 23.4 19.7 12.5 2.5 2 0 5 2 2
2783.4 -8440.1 -21.8 95 0 17.7 24.0 12.5 2.5 2 1 5 2 2
2057.4 -7956.6 -85.8 181 0 22.6 21.1 12.5 2.5 2 0 5 2 2
1988.8 -7945.5 -80.6 304 0 15.3 17.9 12.5 2.5 2 1 5 3 3
1642.5 -7370.7 -106.4 15 0 15.3 8.1 2.5 2.5 4 0 1 0 0
1670.2 -7342.3 -108.5 358 0 8.2 11.0 5.0 2.5 2 1 2 2 2
1605.1 -7334.0 -108.8 279 0 6.1 21.5 7.5 2.5 2 1 3 3 3
1621.1 -7368.6 -106.3 106 0 7.3 5.4 2.5 2.5 4 0 1 3 3
1671.8 -7425.6 -103.2 270 0 4.4 6.6 5.0 2.5 2 1 2 4 4
1657.5 -7324.6 -109.8 0 0 6.8 4.3 5.0 0.0 0 0 2 1 1
1632.0 -7312.5 -110.6 276 0 5.8 4.5 2.5 2.5 2 0 1 5 5
2527.7 -7284.9 -149.4 257 0 10.2 13.6 7.5 2.5 2 1 3 1 1
2176.4 -7056.9 -157.6 102 0 20.2 31.7 10.0 0.0 0 1 4 2 2
2053.4 -6706.1 -169.9 190 0 6.2 9.7 2.5 2.5 4 1 1 5 5
2094.9 -6732.5 -168.9 100 0 8.0 9.7 5.0 2.5 2 1 2 0 0
2579.1 -7022.9 -173.4 100 0 4.7 10.1 7.5 2.5 2 1 3 5 5
2924.7 -7442.0 -148.6 156 0 23.7 21.4 10.0 2.5 2 0 4 5 5
3004.2 -7589.0 -141.6 187 0 18.1 19.0 12.5 2.5 2 1 5 0 0
2999.3 -7640.7 -133.4 257 0 14.0 15.9 2.5 0.0 0 1 1 0 0
1072.1 -6581.5 -169.5 34 0 40.6 15.9 10.0 2.5 2 0 4 3 3
1008.4 -6581.9 -172.4 246 0 8.4 6.5 7.5 2.5 2 0 3 3 3
641.7 -6537.7 -171.3 19 0 29.4 13.4 10.0 2.5 2 0 4 3 3
643.7 -6478.6 -172.9 345 0 14.5 10.6 2.5 2.5 2 0 1 4 4
630.3 -6214.4 -212.8 10 0 15.4 15.7 7.5 2.5 2 1 3 3 3
601.2 -6225.7 -211.2 191 0 11.0 16.2 7.5 2.5 2 1 3 0 0
1538.6 -6795.4 -155.7 193 0 29.8 27.2 12.5 0.0 0 0 5 5 5
-2182.4 -9812.7 -163.0 197 0 13.1 22.6 12.5 2.5 2 1 5 0 0
-2294.0 -9991.7 -157.5 289 0 20.1 14.8 10.0 2.5 2 0 4 5 5
-2315.4 -10066.4 -149.8 167 0 16.5 11.7 2.5 2.5 2 0 1 1 1
-2807.6 -9851.5 -184.5 177 0 15.2 9.9 7.5 2.5 2 0 3 0 0
-2504.7 -9175.8 -206.7 87 0 7.1 9.5 5.0 2.5 2 1 2 3 3
-2470.0 -9141.4 -206.6 254 0 13.2 11.7 5.0 2.5 2 0 2 3 3
-2492.3 -9250.9 -203.0 56 0 7.9 6.8 2.5 2.5 2 0 1 5 5
-1933.2 -5803.8 -245.3 231 0 11.4 19.2 2.5 2.5 2 1 1 2 2
-1928.8 -5839.5 -244.4 156 0 12.8 8.7 2.5 2.5 4 0 1 4 4
-1583.2 -5483.7 -261.5 83 0 8.8 19.6 7.5 2.5 2 1 3 0 0
-2145.7 -5316.6 -253.9 67 0 12.4 15.4 5.0 2.5 2 1 2 4 4
-2112.5 -5324.7 -253.8 193 0 6.4 16.7 5.0 2.5 4 1 2 0 0
-2137.0 -5300.6 -254.2 66 0 7.3 4.8 5.0 2.5 2 0 2 1 1
-2117.1 -5345.0 -253.3 198 0 19.2 24.7 10.0 2.5 2 1 4 1 1
-4052.7 -2156.4 -312.2 3 0 7.0 9.5 5.0 2.5 2 1 2 5 5
2687.9 -10810.8 -37.1 186 0 12.2 19.9 7.5 2.5 2 0 3 4 4
2719.1 -10812.6 -35.3 276 0 22.6 7.3 2.5 2.5 2 0 1 3 3
2741.1 -10808.9 -33.9 276 0 20.2 13.2 15.0 0.0 0 0 6 2 2
2681.1 -10758.8 -42.1 4 0 5.5 18.1 7.5 2.5 2 1 3 0 0
2640.7 -10758.5 -43.8 185 0 13.4 12.6 5.0 2.5 4 0 2 0 0
2385.4 -10636.9 -64.1 343 0 16.8 25.6 7.5 0.0 0 1 3 5 5
2341.0 -10572.7 -66.6 174 0 13.1 14.1 7.5 2.5 2 1 3 2 2
