651.9 1459.3 -5.2 301 0 8.9 14.3 5.0 2.5 2 1 2 1 1
489.5 1408.2 -1.5 271 0 5.2 5.9 2.5 2.5 2 1 1 4 4
891.2 1407.5 -3.0 99 0 11.4 7.9 5.0 0.0 0 0 2 3 3
525.0 1400.5 -1.8 92 0 4.2 8.3 7.5 2.5 2 1 3 0 0
422.9 1423.4 -1.8 180 0 5.3 6.8 5.0 2.5 2 1 2 0 0
-22.5 1515.4 -1.9 179 0 7.3 16.9 2.5 2.5 2 1 1 0 0
37.7 1511.5 -2.4 4 0 6.8 18.4 5.0 2.5 2 1 2 1 1
487.8 1377.6 -0.7 91 0 15.5 12.2 10.0 2.5 2 0 4 5 5
510.5 1433.8 -3.1 178 0 6.8 15.9 2.5 2.5 2 1 1 1 1
322.9 1448.0 -1.9 1 0 8.9 18.5 7.5 2.5 4 1 3 5 5
1086.1 1322.4 4.7 192 0 5.8 16.7 7.5 2.5 2 1 3 3 3
449.0 1452.2 -3.2 271 0 12.9 8.0 5.0 2.5 2 0 2 4 4
634.4 1419.8 -3.4 90 0 7.9 9.8 7.5 2.5 4 1 3 0 0
386.0 1486.1 -4.4 109 0 10.4 11.4 2.5 2.5 2 1 1 3 3
1064.2 1370.4 1.2 275 0 8.4 10.7 7.5 2.5 4 1 3 3 3
