-2517.0 -7790.1 500.0 33 0 3.6 5.1 2.5 2.5 2 1 1 2 2
-811.2 -7051.3 589.0 169 0 9.4 12.5 7.5 2.5 2 1 3 1 1
-5016.8 -7428.8 599.3 110 0 9.6 10.5 2.5 2.5 2 1 1 5 5
-771.9 -9694.2 388.7 178 0 5.9 4.8 7.5 2.5 2 0 3 3 3
-851.2 -9663.8 389.3 196 0 11.4 13.9 7.5 2.5 2 1 3 1 1
698.5 -9867.8 360.8 29 0 10.9 6.1 5.0 2.5 2 0 2 4 4
-5059.8 -7404.7 598.5 200 0 3.9 12.4 2.5 2.5 2 1 1 0 0
680.3 -9899.4 357.9 18 0 13.7 7.5 5.0 2.5 2 0 2 0 0
-5045.9 -7410.6 599.0 196 0 3.8 15.1 5.0 2.5 2 1 2 1 1
2222.9 -9891.6 271.7 236 0 5.8 15.2 7.5 2.5 2 1 3 2 2
-2134.6 -9752.6 491.8 183 0 4.3 5.8 7.5 2.5 2 1 3 3 3
3101.0 -10459.4 244.8 59 0 8.4 12.0 7.5 2.5 2 1 3 2 2
-751.1 -9691.1 388.3 268 0 9.1 6.1 2.5 2.5 2 0 1 1 1
-2541.1 -7776.9 503.0 183 0 3.6 5.5 7.5 2.5 4 1 3 1 1
-5994.7 3159.9 -333.1 45 0 7.7 5.4 7.5 2.5 2 0 3 3 3
-5757.4 3069.1 -325.1 80 0 11.7 11.6 5.0 2.5 2 0 2 1 1
-6108.5 3772.6 -404.2 326 0 10.1 6.5 7.5 2.5 4 0 3 5 5
-5829.4 3068.3 -324.3 261 0 35.3 15.0 10.0 2.5 2 0 4 0 0
-5737.3 3060.4 -324.2 81 0 8.5 11.9 7.5 2.5 4 1 3 1 1
-5764.1 3038.9 -321.4 309 0 5.1 5.3 7.5 2.5 2 1 3 5 5
-6137.1 3801.6 -408.1 146 0 12.1 16.9 12.5 2.5 2 1 5 4 4
-5702.7 3231.2 -341.4 230 0 4.8 9.0 5.0 2.5 2 1 2 3 3
-5781.2 3068.7 -324.5 352 0 9.5 27.4 7.5 2.5 2 1 3 5 5
-5774.1 3065.9 -324.4 82 0 9.2 8.0 5.0 2.5 2 0 2 2 2
-5839.2 3910.7 -419.8 269 0 12.8 29.9 12.5 2.5 2 1 5 1 1
-5689.9 4276.6 -442.4 185 0 10.6 12.3 5.0 2.5 2 1 2 2 2
-5484.4 4099.1 -430.8 127 0 10.0 12.8 5.0 2.5 2 1 2 2 2
-5595.0 3271.8 -346.9 350 0 5.4 3.8 7.5 2.5 2 0 3 5 5
-5771.0 3157.5 -334.2 82 0 48.9 11.7 10.0 2.5 2 0 4 0 0
-6274.0 2645.9 -233.3 284 0 5.4 3.8 2.5 2.5 2 0 1 4 4
-5723.5 3099.0 -326.8 352 0 5.1 5.0 5.0 2.5 2 0 2 3 3
-6087.3 3785.8 -406.0 327 0 9.3 7.6 7.5 2.5 2 0 3 5 5
-5672.7 3092.1 -326.0 263 0 13.6 7.9 2.5 2.5 2 0 1 2 2
-5650.3 3098.5 -326.8 267 0 18.6 13.1 7.5 0.0 0 0 3 0 0
-5718.4 3089.5 -326.3 349 0 13.7 9.2 7.5 2.5 2 0 3 1 1
-5718.2 3221.4 -340.6 215 0 12.5 17.9 5.0 2.5 2 1 2 5 5
-5034.5 2403.0 -184.2 160 0 4.1 5.1 7.5 2.5 4 1 3 2 2
-5611.0 3086.0 -326.1 94 0 9.9 4.8 7.5 2.5 2 0 3 2 2
-6205.9 2734.4 -247.6 169 0 11.9 6.3 5.0 2.5 2 0 2 1 1
-6164.0 2665.5 -224.3 254 0 10.1 14.9 5.0 2.5 2 1 2 1 1
-5860.9 3855.5 -414.6 180 0 7.7 36.7 7.5 2.5 2 1 3 4 4
-5629.4 3260.7 -345.8 196 0 12.1 13.0 5.0 0.0 0 1 2 0 0
-5471.0 3837.7 -409.1 297 0 12.1 10.5 2.5 2.5 2 0 1 5 5
-5627.8 3239.8 -343.5 81 0 8.1 6.5 7.5 2.5 2 0 3 1 1
156.3 -7762.6 623.3 104 0 4.7 3.0 7.5 0.0 0 0 3 5 5
119.6 -7766.2 620.4 180 0 8.3 5.8 5.0 2.5 2 0 2 5 5
-5154.1 4796.3 -524.5 154 0 8.4 5.3 5.0 2.5 2 0 2 5 5
-5633.4 6147.9 -571.1 346 0 8.7 38.5 7.5 0.0 0 1 3 1 1
-6816.9 6079.0 -572.8 275 0 26.0 12.4 10.0 2.5 2 0 4 4 4
-4728.9 6151.5 -562.0 86 0 4.8 5.0 5.0 0.0 0 1 2 3 3
-3560.4 7304.0 -570.9 180 0 18.4 24.4 12.5 2.5 2 1 5 4 4
-3327.6 5733.5 -544.2 270 0 10.0 18.0 5.0 2.5 2 1 2 2 2
-3269.9 4973.3 -520.8 83 0 5.0 4.9 2.5 2.5 2 0 1 1 1
-3986.2 5056.8 -519.0 172 0 5.0 5.1 2.5 2.5 2 1 1 3 3
-3730.7 5309.5 -526.7 5 0 3.6 4.5 7.5 2.5 2 1 3 5 5
-3291.1 5251.2 -533.6 330 0 5.4 5.7 7.5 2.5 2 1 3 0 0
-3509.9 5046.8 -520.3 25 0 12.2 26.2 7.5 2.5 2 1 3 0 0
-3495.7 6208.3 -557.3 323 0 17.0 36.6 10.0 2.5 2 1 4 3 3
-4514.2 6257.4 -571.3 101 0 5.4 5.2 7.5 2.5 2 0 3 0 0
-3429.4 6671.6 -548.8 172 0 17.4 18.1 17.5 0.0 0 1 7 1 1
-3422.6 6688.6 -548.8 83 0 18.1 17.5 12.5 2.5 2 0 5 0 0
-3333.8 6840.4 -561.5 232 0 21.8 16.0 12.5 2.5 2 0 5 5 5
-3778.1 5141.1 -520.4 257 0 4.9 5.3 7.5 2.5 2 1 3 1 1
-3417.9 6723.3 -548.9 352 0 17.9 18.0 12.5 2.5 4 1 5 1 1
-3426.3 6646.8 -548.7 172 0 17.3 17.9 12.5 2.5 2 1 5 1 1
-3578.3 7316.1 -568.2 336 0 19.4 25.1 10.0 2.5 2 1 4 0 0
-3324.0 5765.9 -544.7 316 0 14.7 35.0 7.5 2.5 2 1 3 1 1
-4180.7 6522.0 -569.9 278 0 5.9 4.7 7.5 2.5 2 0 3 4 4
-3321.9 7042.4 -576.4 50 0 6.8 8.5 7.5 0.0 0 1 3 4 4
-3837.2 5882.6 -552.9 311 0 7.3 9.5 5.0 2.5 2 1 2 1 1
-3206.4 7087.1 -580.8 45 0 25.6 22.4 10.0 2.5 2 0 4 1 1
-3808.7 5933.6 -554.2 218 0 5.5 7.1 7.5 2.5 2 1 3 4 4
-5614.0 7476.8 -590.4 324 0 38.2 33.2 12.5 0.0 0 0 5 0 0
-6148.7 7810.0 -597.8 231 0 6.5 8.9 5.0 2.5 4 1 2 3 3
-6129.7 7635.3 -597.0 55 0 6.4 8.6 2.5 2.5 2 1 1 5 5
-6317.8 8207.4 -603.2 325 0 14.0 23.1 7.5 2.5 2 1 3 3 3
-6117.0 7952.3 -601.7 142 0 18.8 24.5 7.5 2.5 4 1 3 2 2
-6361.2 8382.4 -596.3 234 0 10.1 17.8 10.0 2.5 2 1 4 1 1
-6280.5 8358.6 -598.3 53 0 12.7 12.6 5.0 2.5 2 0 2 5 5
-6320.2 8408.6 -594.8 234 0 12.6 12.5 10.0 2.5 2 0 4 1 1
-5976.9 8272.1 -605.5 51 0 54.8 42.5 7.5 0.0 0 0 3 1 1
-5883.3 7812.9 -597.6 321 0 37.6 12.0 10.0 2.5 2 0 4 3 3
-5225.6 4608.4 -504.1 269 0 11.7 11.1 5.0 2.5 2 0 2 1 1
-5218.2 4566.2 -499.3 272 0 11.4 9.2 5.0 2.5 2 0 2 4 4
-4842.7 4660.6 -524.3 57 0 8.4 11.3 5.0 2.5 2 1 2 1 1
-4837.0 4680.0 -524.7 333 0 4.4 4.9 5.0 2.5 2 1 2 2 2
-5047.2 4285.9 -471.2 286 0 11.9 19.1 12.5 2.5 2 1 5 2 2
-5023.1 4264.1 -474.1 18 0 11.4 11.2 5.0 2.5 2 0 2 4 4
-6307.6 2457.7 -184.2 233 0 11.3 18.2 2.5 2.5 2 1 1 3 3
-6065.3 973.4 506.0 10 0 3.9 8.4 7.5 2.5 2 1 3 5 5
-6068.4 934.9 507.0 125 0 10.7 4.6 7.5 0.0 0 0 3 1 1
-6087.0 915.4 508.6 264 0 5.6 12.4 7.5 2.5 2 1 3 2 2
-6087.6 863.9 508.1 41 0 5.5 7.9 5.0 2.5 2 1 2 3 3
-6113.5 890.8 510.1 141 0 5.7 7.5 2.5 2.5 2 1 1 0 0
-6480.0 1150.3 486.9 287 0 7.1 7.6 7.5 2.5 2 1 3 2 2
-6472.9 1229.3 496.5 87 0 6.7 4.4 5.0 0.0 0 0 2 3 3
-6503.6 1222.5 482.3 108 0 5.1 5.9 7.5 2.5 2 1 3 3 3
-6491.3 1228.0 487.4 111 0 9.2 5.4 7.5 2.5 2 0 3 1 1
-6480.0 1218.8 491.3 25 0 10.5 6.4 7.5 2.5 2 0 3 3 3
-6494.4 1209.4 484.3 286 0 10.9 10.9 2.5 2.5 2 0 1 3 3
-6252.0 1027.1 497.3 289 0 4.1 7.9 5.0 2.5 2 1 2 3 3
-6328.8 1015.6 496.4 325 0 7.4 3.8 5.0 2.5 2 0 2 4 4
-6308.5 1023.5 496.6 228 0 8.2 10.8 2.5 2.5 2 1 1 4 4
-6297.1 1031.2 498.3 267 0 5.8 6.9 5.0 2.5 2 1 2 5 5
-5970.7 3206.4 -338.2 46 0 13.3 10.5 5.0 2.5 2 0 2 3 3
-5046.9 2387.1 -166.7 342 0 21.4 7.7 2.5 2.5 2 0 1 1 1
32.1 6952.4 -548.3 202 0 21.8 60.5 7.5 2.5 2 1 3 3 3
764.8 6274.4 -544.0 115 0 16.6 10.1 7.5 2.5 2 0 3 0 0
907.0 8130.9 -572.6 280 0 30.0 54.5 5.0 0.0 0 1 2 3 3
847.3 8078.0 -572.9 11 0 190.8 22.6 12.5 0.0 0 0 5 3 3
839.7 7858.2 -569.3 30 0 54.7 29.7 10.0 0.0 0 0 4 0 0
803.9 7947.1 -570.1 300 0 22.4 188.4 12.5 0.0 0 1 5 2 2
602.2 7697.0 -565.4 229 0 121.4 21.3 15.0 0.0 0 0 6 4 4
656.7 7632.2 -564.9 49 0 80.5 29.6 12.5 0.0 0 0 5 4 4
424.5 7529.8 -561.8 250 0 80.7 29.1 10.0 0.0 0 0 4 1 1
-17.9 7512.1 -557.6 285 0 81.1 30.3 10.0 0.0 0 0 4 4 4
-64.3 7571.1 -558.8 196 0 21.7 102.7 7.5 0.0 0 1 3 5 5
201.7 7470.6 -559.2 0 0 31.3 81.6 12.5 0.0 0 1 5 1 1
-6150.7 3138.3 -334.0 30 0 14.6 16.2 10.0 2.5 4 1 4 2 2
-6125.5 3232.0 -340.8 332 0 9.0 21.0 7.5 2.5 2 1 3 3 3
-6101.0 3233.8 -341.4 58 0 11.1 18.4 12.5 0.0 0 1 5 3 3
-6039.6 3261.8 -344.6 70 0 22.5 16.8 10.0 2.5 2 0 4 2 2
-6023.0 3226.6 -338.8 242 0 9.8 16.6 7.5 0.0 0 1 3 3 3
-5922.1 3298.4 -348.0 292 0 18.0 12.2 5.0 2.5 2 0 2 2 2
-5978.7 3304.2 -350.3 23 0 11.0 18.9 10.0 2.5 2 1 4 3 3
-5998.4 3346.4 -353.3 297 0 10.5 15.1 2.5 2.5 2 1 1 4 4
-6027.6 3360.7 -355.0 301 0 18.3 11.6 5.0 2.5 2 0 2 4 4
-6108.5 3407.1 -362.9 290 0 25.3 19.3 12.5 0.0 0 0 5 3 3
-6133.6 3366.3 -361.0 53 0 14.2 21.6 12.5 0.0 0 1 5 0 0
-6241.7 3361.0 -364.7 92 0 9.9 16.5 5.0 0.0 0 1 2 2 2
-6293.4 3428.2 -376.1 181 0 22.0 25.4 10.0 0.0 0 1 4 1 1
-6315.3 3670.0 -399.3 231 0 16.4 18.8 12.5 2.5 2 1 5 5 5
-6226.1 3598.1 -386.2 111 0 10.4 15.9 12.5 2.5 2 1 5 3 3
-6234.5 3665.8 -392.2 288 0 20.6 17.1 10.0 0.0 0 0 4 1 1
-6176.5 3654.3 -389.2 258 0 15.3 19.0 10.0 2.5 2 1 4 1 1
-6212.8 3562.8 -384.5 146 0 20.1 18.0 7.5 2.5 2 0 3 1 1
-6179.0 3572.9 -384.2 51 0 10.2 15.8 7.5 2.5 4 1 3 0 0
-6150.1 3595.8 -384.6 50 0 9.9 17.0 7.5 2.5 2 1 3 0 0
-5857.9 3353.3 -354.9 288 0 11.8 18.4 5.0 0.0 0 1 2 4 4
-5897.7 3325.5 -353.1 80 0 9.5 14.0 2.5 2.5 2 1 1 5 5
-6128.9 3449.8 -371.0 113 0 13.7 16.1 10.0 0.0 0 1 4 5 5
-6155.3 3457.7 -373.5 112 0 18.0 11.5 5.0 2.5 2 0 2 2 2
-6196.3 3501.7 -381.4 179 0 18.5 14.9 12.5 2.5 2 0 5 3 3
-6155.9 3529.9 -382.6 324 0 10.3 17.3 10.0 2.5 2 1 4 3 3
-6132.5 3511.1 -379.0 305 0 10.6 16.7 7.5 0.0 0 1 3 3 3
-6107.8 3497.9 -375.4 293 0 20.1 18.3 12.5 2.5 4 0 5 3 3
-6039.4 3484.6 -369.6 288 0 13.6 23.5 15.0 0.0 0 1 6 5 5
-5960.7 3441.9 -365.4 305 0 17.0 11.4 5.0 2.5 2 0 2 2 2
-5936.4 3424.7 -363.7 305 0 12.1 14.4 10.0 2.5 2 1 4 3 3
-5950.6 3501.8 -372.7 317 0 12.3 17.8 12.5 0.0 0 1 5 3 3
-5969.4 3517.4 -374.7 319 0 12.2 27.8 10.0 0.0 0 1 4 2 2
-6017.0 3519.4 -375.8 110 0 14.8 14.9 10.0 2.5 2 1 4 5 5
-6077.1 3523.6 -378.7 103 0 16.4 14.7 2.5 2.5 2 0 1 4 4
-6078.9 3598.0 -383.1 261 0 14.2 16.4 12.5 0.0 0 1 5 0 0
-6077.1 3618.4 -388.4 77 0 8.5 21.7 7.5 0.0 0 1 3 3 3
-6151.6 3694.8 -395.8 96 0 17.8 13.9 10.0 2.5 2 0 4 0 0
-6238.4 3699.4 -395.7 100 0 15.3 16.9 7.5 2.5 2 1 3 0 0
-6294.1 3703.2 -400.9 120 0 20.4 15.9 10.0 2.5 2 0 4 3 3
-6311.5 3749.0 -404.6 179 0 11.8 22.2 15.0 0.0 0 1 6 4 4
-6230.8 3756.5 -399.8 271 0 9.7 19.3 7.5 2.5 2 1 3 1 1
-6189.4 3755.7 -401.2 19 0 15.0 20.3 15.0 0.0 0 1 6 1 1
-6174.9 3778.7 -405.8 115 0 8.3 22.3 7.5 2.5 2 1 3 3 3
-6210.8 3846.3 -410.9 220 0 17.8 19.4 10.0 0.0 0 1 4 2 2
-6215.5 3804.2 -408.5 38 0 13.8 23.5 15.0 0.0 0 1 6 5 5
-6269.3 3788.5 -404.6 91 0 10.8 14.6 7.5 2.5 2 1 3 2 2
-6291.0 3805.2 -406.4 264 0 11.0 15.3 7.5 0.0 0 1 3 4 4
-6366.6 3803.2 -407.7 247 0 15.2 19.0 10.0 0.0 0 1 4 5 5
-6399.1 3770.7 -407.4 72 0 9.1 17.5 5.0 2.5 2 1 2 3 3
-4870.5 9294.8 -621.1 8 0 4.3 5.4 2.5 2.5 2 1 1 5 5
-4910.6 9257.6 -620.7 216 0 29.2 13.0 7.5 2.5 2 0 3 5 5
-4826.4 9264.1 -622.3 35 0 25.1 12.8 7.5 2.5 2 0 3 2 2
-5711.7 8890.4 -604.4 315 0 10.7 17.7 5.0 2.5 2 1 2 5 5
-4599.6 9851.5 -626.6 210 0 73.2 30.6 7.5 0.0 0 0 3 0 0
-5325.0 9218.9 -609.4 220 0 10.0 17.8 7.5 2.5 4 1 3 5 5
-5292.1 9198.6 -610.0 38 0 10.3 17.8 5.0 2.5 2 1 2 3 3
-5491.9 8910.0 -607.5 135 0 3.8 9.2 7.5 0.0 0 1 3 3 3
-5448.4 8961.4 -607.3 42 0 3.9 4.9 7.5 2.5 2 1 3 5 5
-5432.3 8978.6 -607.3 40 0 4.1 5.3 5.0 2.5 2 1 2 1 1
-5386.6 9022.8 -608.0 40 0 9.3 3.6 7.5 2.5 2 0 3 1 1
-5185.3 9268.2 -614.1 38 0 9.4 3.6 7.5 0.0 0 0 3 3 3
-5155.4 9321.6 -614.9 127 0 5.1 3.8 2.5 2.5 2 0 1 0 0
-5141.8 9339.8 -615.2 306 0 5.1 4.0 7.5 2.5 2 0 3 2 2
-5102.0 9385.9 -616.2 216 0 9.5 3.9 7.5 2.5 2 0 3 5 5
-5119.7 9540.9 -616.3 126 0 17.7 10.4 7.5 2.5 2 0 3 5 5
-5125.1 9559.5 -616.2 124 0 10.5 17.9 5.0 2.5 2 1 2 5 5
-4927.1 9632.1 -620.0 34 0 9.3 3.7 2.5 2.5 4 0 1 0 0
-4898.5 9687.9 -620.6 33 0 3.9 5.2 7.5 2.5 2 1 3 5 5
-4887.7 9705.0 -620.8 31 0 4.0 5.1 7.5 2.5 2 1 3 5 5
-4880.8 9954.1 -617.9 211 0 17.8 10.7 5.0 2.5 2 0 2 5 5
-4872.6 9984.2 -618.1 209 0 10.4 17.6 7.5 2.5 2 1 3 1 1
-4848.5 9759.7 -621.1 301 0 3.8 9.1 7.5 2.5 2 1 3 2 2
-4676.5 10061.6 -623.1 119 0 3.6 9.3 2.5 2.5 4 1 1 4 4
-4652.4 10122.6 -623.3 118 0 5.1 3.9 5.0 2.5 2 0 2 3 3
-4641.4 10144.0 -623.5 297 0 5.0 3.8 5.0 2.5 2 0 2 5 5
-4654.3 10379.8 -621.2 115 0 10.3 17.6 7.5 2.5 2 1 3 1 1
-4679.3 10478.6 -620.2 203 0 70.7 15.8 15.0 0.0 0 0 6 2 2
-4650.4 10525.6 -620.1 204 0 7.8 7.5 2.5 2.5 2 0 1 1 1
-4646.2 10535.4 -620.0 203 0 7.8 7.3 5.0 0.0 0 0 2 4 4
-5309.1 9022.7 -610.8 131 0 22.5 25.9 7.5 0.0 0 1 3 4 4
-5346.3 8916.0 -610.6 221 0 58.2 30.6 12.5 0.0 0 0 5 5 5
-5161.4 9010.2 -613.0 220 0 44.4 33.0 17.5 0.0 0 0 7 1 1
-5104.1 9209.3 -616.6 218 0 59.2 31.7 12.5 0.0 0 0 5 0 0
-3885.9 7235.8 -568.9 348 0 7.3 4.8 5.0 2.5 2 0 2 0 0
-3890.2 7211.7 -568.6 168 0 7.4 4.8 5.0 2.5 2 0 2 0 0
-3934.7 7172.2 -571.0 167 0 7.7 4.4 7.5 2.5 2 0 3 5 5
-3929.9 7367.1 -573.3 259 0 3.5 3.6 5.0 2.5 2 1 2 5 5
-3437.9 6787.9 -553.2 173 0 14.0 50.7 10.0 2.5 2 1 4 3 3
-3429.1 6777.2 -548.9 261 0 7.5 19.3 2.5 0.0 0 1 1 3 3
-3442.3 7938.2 -588.0 59 0 64.7 17.4 7.5 2.5 2 0 3 5 5
-3400.2 7968.6 -588.2 59 0 30.9 9.5 7.5 2.5 2 0 3 4 4
-3370.5 7991.4 -588.5 240 0 16.0 15.6 2.5 2.5 2 0 1 0 0
-3320.0 8008.7 -588.8 59 0 16.0 24.6 7.5 2.5 2 1 3 4 4
-3290.0 8017.1 -589.1 60 0 16.0 24.9 7.5 2.5 2 1 3 1 1
-3896.9 8072.5 -597.6 81 0 6.8 6.7 5.0 2.5 2 0 2 3 3
-3957.0 7978.1 -596.5 82 0 6.5 6.5 5.0 2.5 2 1 2 1 1
-3970.0 8129.5 -594.7 83 0 6.4 6.4 7.5 2.5 2 1 3 3 3
-3828.4 8218.7 -598.5 82 0 6.2 6.4 5.0 0.0 0 1 2 2 2
-5151.0 7391.3 -589.0 318 0 21.7 8.9 5.0 2.5 2 0 2 5 5
-5031.8 7455.2 -590.0 338 0 9.2 13.1 7.5 2.5 4 1 3 2 2
-5038.1 7521.3 -591.1 48 0 8.1 7.4 2.5 2.5 2 0 1 4 4
-5080.6 7465.6 -590.2 18 0 8.5 3.9 5.0 2.5 2 0 2 4 4
-5012.7 7562.9 -591.7 289 0 5.6 6.4 7.5 2.5 2 1 3 5 5
-5116.8 7620.4 -592.6 177 0 6.5 11.3 7.5 2.5 2 1 3 3 3
-5044.2 7803.6 -595.6 12 0 7.4 12.4 2.5 2.5 2 1 1 4 4
-5475.5 8187.0 -602.9 136 0 9.9 14.1 5.0 2.5 2 1 2 2 2
-5551.1 8124.4 -601.9 136 0 3.6 5.3 5.0 2.5 2 1 2 5 5
-5259.5 8261.3 -604.0 134 0 9.6 13.9 7.5 2.5 2 1 3 3 3
-5335.4 8199.3 -602.9 137 0 3.2 5.1 2.5 2.5 2 1 1 5 5
-5733.0 8430.5 -607.3 228 0 73.4 31.4 7.5 0.0 0 0 3 0 0
-5434.6 6378.5 -570.6 90 0 15.6 33.5 10.0 2.5 2 1 4 0 0
-5485.1 6427.7 -572.0 180 0 15.9 33.4 10.0 2.5 2 1 4 5 5
-5522.7 6435.2 -573.3 270 0 33.2 15.5 15.0 0.0 0 0 6 4 4
-5562.5 6435.2 -574.2 270 0 33.3 15.6 10.0 2.5 2 0 4 2 2
-5565.3 6397.1 -573.5 270 0 33.4 15.8 7.5 0.0 0 0 3 1 1
-5600.4 6325.0 -573.0 270 0 33.6 15.8 7.5 2.5 2 0 3 2 2
-5609.9 6369.4 -574.0 180 0 33.7 15.5 5.0 2.5 2 0 2 5 5
-5560.9 6324.6 -572.2 270 0 33.2 15.7 10.0 0.0 0 0 4 1 1
-5519.9 6324.6 -571.3 270 0 33.3 15.5 12.5 2.5 2 0 5 5 5
-5480.3 6324.2 -570.2 270 0 33.2 15.4 10.0 2.5 2 0 4 3 3
-5434.6 6359.6 -569.7 270 0 15.6 33.7 7.5 2.5 2 1 3 5 5
-5602.0 6435.4 -575.0 270 0 33.2 15.5 10.0 2.5 2 0 4 2 2
-5635.9 6309.9 -573.3 48 0 3.8 5.2 7.5 0.0 0 1 3 0 0
-5542.1 6360.0 -572.2 64 0 6.2 6.8 5.0 2.5 2 1 2 1 1
-5961.6 7149.7 -588.5 193 0 14.3 37.5 10.0 2.5 2 1 4 3 3
-5920.4 7133.1 -588.2 140 0 5.9 5.9 7.5 2.5 2 0 3 0 0
-5915.3 7126.9 -588.1 141 0 5.9 6.1 7.5 2.5 2 1 3 0 0
-5905.7 7120.5 -588.1 50 0 5.8 5.9 7.5 2.5 2 1 3 0 0
-5973.8 7146.1 -588.6 157 0 5.8 6.4 7.5 2.5 2 1 3 5 5
-5981.1 7143.1 -588.6 157 0 5.6 6.0 7.5 0.0 0 1 3 3 3
-5988.7 7140.0 -588.6 158 0 5.5 6.2 5.0 0.0 0 1 2 4 4
-6051.9 6973.4 -586.9 340 0 12.0 5.6 5.0 2.5 4 0 2 3 3
-6055.5 6984.0 -587.1 340 0 5.4 5.6 5.0 2.5 2 1 2 5 5
-6081.3 7026.0 -588.2 320 0 11.0 5.9 7.5 2.5 2 0 3 2 2
-6088.3 7035.0 -588.4 319 0 5.3 6.0 2.5 2.5 2 1 1 5 5
-4734.9 9144.6 -618.5 32 0 7.3 8.5 7.5 2.5 2 1 3 3 3
-4632.4 9288.8 -619.8 37 0 7.9 8.5 2.5 2.5 2 1 1 1 1
-4529.8 9432.6 -620.1 34 0 7.4 8.7 7.5 2.5 2 1 3 1 1
-4710.6 8466.4 -598.1 96 0 10.6 12.8 10.0 2.5 2 1 4 2 2
-5108.1 8395.2 -604.6 42 0 7.8 6.2 7.5 0.0 0 0 3 1 1
-5212.0 8407.4 -606.4 131 0 7.2 6.2 2.5 2.5 2 0 1 5 5
-5184.6 8019.8 -600.1 227 0 119.8 65.0 10.0 0.0 0 0 4 1 1
-5814.6 6094.7 -573.8 170 0 56.0 9.5 7.5 2.5 2 0 3 1 1
-4856.8 8524.6 -602.1 42 0 21.5 21.2 7.5 2.5 2 0 3 3 3
-4931.0 8482.2 -602.0 132 0 18.6 24.4 5.0 2.5 2 1 2 1 1
-4981.4 8823.3 -607.2 39 0 7.8 8.5 5.0 2.5 2 1 2 4 4
-4871.7 8962.1 -611.8 39 0 7.6 8.6 5.0 2.5 2 1 2 0 0
-5078.1 8692.7 -606.9 312 0 12.6 26.6 10.0 2.5 2 1 4 3 3
-5266.4 9702.4 -613.7 123 0 11.2 67.0 10.0 2.5 4 1 4 4 4
-5786.7 8863.7 -603.7 229 0 10.4 18.0 7.5 2.5 2 1 3 1 1
-5789.5 8627.2 -604.9 319 0 3.9 9.6 5.0 0.0 0 1 2 1 1
-6701.6 8109.8 -592.2 57 0 17.6 10.8 2.5 2.5 2 0 1 1 1
-6523.6 8063.9 -601.4 146 0 14.1 27.8 5.0 2.5 2 1 2 0 0
-5939.4 8653.7 -602.3 228 0 21.3 84.9 12.5 0.0 0 1 5 5 5
-5934.9 7381.4 -590.6 234 0 56.1 25.6 10.0 2.5 2 0 4 1 1
-5754.7 7506.3 -591.0 323 0 30.5 25.0 7.5 0.0 0 0 3 1 1
-5684.5 7560.4 -592.0 52 0 20.1 11.9 10.0 0.0 0 0 4 2 2
-6612.4 7890.2 -599.8 328 0 63.8 19.0 5.0 2.5 4 0 2 3 3
-6164.3 8198.9 -604.5 322 0 63.8 18.7 10.0 2.5 2 0 4 3 3
-6376.2 8029.2 -602.3 236 0 10.7 9.7 5.0 2.5 2 0 2 5 5
-6555.9 7929.8 -600.5 148 0 63.7 18.7 10.0 2.5 2 0 4 4 4
-6781.8 7892.4 -598.8 60 0 23.1 13.7 10.0 2.5 4 0 4 0 0
-6790.9 8061.5 -593.3 149 0 17.8 10.4 5.0 0.0 0 0 2 5 5
-6576.2 7656.3 -597.6 239 0 22.9 23.4 12.5 0.0 0 1 5 1 1
-6768.4 7540.9 -597.6 241 0 33.8 16.2 10.0 2.5 2 0 4 0 0
-6310.0 7991.0 -602.5 235 0 18.8 18.8 10.0 2.5 2 1 4 2 2
-6731.7 7724.2 -598.2 239 0 18.3 18.9 10.0 2.5 2 1 4 0 0
-6760.5 7707.7 -598.2 240 0 18.7 18.9 7.5 2.5 2 1 3 3 3
-6751.5 7671.7 -598.0 41 0 4.8 5.6 2.5 2.5 2 1 1 0 0
-6708.7 7776.2 -598.4 78 0 6.1 6.9 7.5 2.5 2 1 3 2 2
-4321.5 10699.0 -626.9 204 0 12.5 53.9 12.5 2.5 2 1 5 0 0
-4308.1 10731.5 -625.3 113 0 15.0 6.5 7.5 0.0 0 0 3 2 2
-4385.9 10548.0 -626.9 113 0 9.1 8.3 5.0 2.5 2 0 2 0 0
-4275.5 10448.3 -631.8 24 0 35.2 30.4 10.0 0.0 0 0 4 4 4
-4024.4 8223.9 -592.0 87 0 4.5 5.7 5.0 2.5 2 1 2 1 1
-4159.4 7125.3 -584.0 270 0 10.8 20.0 2.5 2.5 2 1 1 3 3
-4085.1 7040.0 -580.3 109 0 10.2 19.5 7.5 2.5 2 1 3 3 3
-4173.6 7047.7 -582.6 161 0 14.8 18.6 7.5 0.0 0 1 3 5 5
-6070.9 7983.5 -602.5 142 0 22.2 25.6 7.5 2.5 2 1 3 0 0
-5915.2 8198.5 -605.1 50 0 25.0 12.7 7.5 2.5 2 0 3 0 0
-6099.8 8201.8 -604.8 142 0 12.9 14.2 7.5 0.0 0 1 3 0 0
-6055.7 8279.1 -604.9 52 0 20.7 33.2 10.0 0.0 0 0 4 2 2
-5976.4 8208.1 -605.5 323 0 20.6 24.1 10.0 2.5 2 1 4 0 0
-5542.0 7403.4 -589.4 142 0 7.2 13.5 5.0 0.0 0 1 2 5 5
-5563.8 6679.9 -578.2 270 0 33.4 15.7 10.0 2.5 2 0 4 4 4
-5524.2 6679.4 -577.7 270 0 33.1 15.3 7.5 2.5 4 0 3 0 0
-5484.5 6679.6 -576.8 270 0 33.6 15.6 7.5 2.5 2 0 3 0 0
-5434.9 6716.1 -577.6 270 0 15.3 33.3 12.5 2.5 2 1 5 1 1
-5434.8 6735.1 -578.7 90 0 15.7 33.3 10.0 2.5 2 1 4 4 4
-5472.5 6789.8 -579.2 270 0 33.3 15.7 7.5 2.5 2 0 3 0 0
-5512.4 6789.9 -579.5 270 0 33.2 15.6 10.0 2.5 2 0 4 3 3
-5520.9 6752.2 -578.7 270 0 33.3 15.7 10.0 2.5 2 0 4 4 4
-5552.2 6790.1 -579.7 270 0 33.0 15.6 12.5 2.5 2 0 5 4 4
-5558.5 6738.0 -578.6 280 0 5.9 6.6 7.5 2.5 2 1 3 2 2
-5590.4 6773.4 -579.9 90 0 33.2 15.8 10.0 2.5 2 0 4 3 3
-5610.3 6727.1 -579.2 180 0 33.2 15.7 10.0 2.5 2 0 4 3 3
-5632.8 6708.3 -579.4 0 0 33.3 15.6 7.5 2.5 2 0 3 2 2
-5632.9 6747.9 -579.9 0 0 33.7 15.4 7.5 2.5 2 0 3 4 4
-5688.6 6549.1 -578.3 0 0 6.1 6.3 5.0 2.5 2 1 2 3 3
-5697.0 6513.7 -578.0 1 0 6.2 6.2 2.5 2.5 2 0 1 2 2
-5687.4 6507.9 -577.8 1 0 3.6 3.9 7.5 2.5 2 1 3 2 2
-5698.6 6506.0 -577.9 91 0 4.0 3.7 2.5 2.5 2 0 1 5 5
-5684.3 6554.9 -578.3 0 0 3.7 3.8 7.5 2.5 4 1 3 2 2
-5738.5 6504.4 -578.4 91 0 7.2 3.8 7.5 2.5 2 0 3 2 2
-5741.6 6546.4 -578.8 181 0 6.2 6.3 7.5 2.5 2 1 3 1 1
-5750.6 6549.8 -578.9 180 0 4.0 3.9 2.5 2.5 2 0 1 2 2
-6095.5 6413.4 -581.6 67 0 9.7 54.9 7.5 2.5 2 1 3 5 5
-6136.8 6425.4 -581.2 337 0 48.6 6.2 7.5 2.5 2 0 3 3 3
-6129.7 6428.5 -581.3 157 0 36.8 6.4 5.0 0.0 0 0 2 3 3
-6110.7 6388.7 -580.9 250 0 55.0 9.2 7.5 0.0 0 0 3 4 4
-6059.3 6428.3 -581.9 67 0 9.5 55.0 7.5 2.5 2 1 3 0 0
-6042.5 6484.5 -581.6 153 0 9.2 27.6 7.5 2.5 2 1 3 2 2
-6028.2 6451.1 -581.2 161 0 9.1 27.4 7.5 2.5 2 1 3 2 2
-6014.1 6411.0 -581.0 71 0 8.9 30.5 7.5 2.5 2 1 3 0 0
-5989.5 6419.8 -580.8 72 0 9.2 29.7 7.5 2.5 2 1 3 0 0
-6041.7 6411.7 -581.0 252 0 27.8 9.5 7.5 2.5 2 0 3 3 3
-6037.7 6534.3 -582.0 243 0 9.4 30.0 7.5 2.5 4 1 3 5 5
-6047.5 6495.9 -582.1 63 0 9.2 29.9 7.5 2.5 2 1 3 3 3
-6080.0 6502.5 -582.3 63 0 27.3 9.3 7.5 2.5 2 0 3 5 5
-6132.9 6475.5 -581.9 63 0 30.1 9.4 7.5 2.5 2 0 3 1 1
-6169.5 6467.2 -581.5 243 0 30.2 9.2 7.5 2.5 2 0 3 0 0
-6219.0 6436.9 -581.0 153 0 9.1 27.4 7.5 2.5 2 1 3 4 4
-6230.4 6419.9 -580.4 333 0 29.9 9.3 7.5 2.5 2 0 3 0 0
-6103.3 6633.4 -583.7 333 0 3.9 10.3 5.0 2.5 2 1 2 4 4
-6165.2 6359.7 -580.4 71 0 27.5 9.5 7.5 2.5 2 0 3 2 2
-6199.4 6346.9 -580.2 64 0 27.5 9.4 7.5 2.5 2 0 3 5 5
-6247.7 6328.0 -580.1 153 0 9.4 27.3 7.5 2.5 2 1 3 1 1
-6276.5 6309.6 -579.8 64 0 9.3 30.0 7.5 2.5 2 1 3 2 2
-6221.5 6393.5 -580.0 333 0 9.4 27.4 7.5 2.5 2 1 3 3 3
-6261.8 6403.7 -580.1 153 0 30.2 9.4 7.5 2.5 4 0 3 4 4
-6282.8 6404.7 -579.8 333 0 9.3 27.2 7.5 2.5 2 1 3 5 5
-6336.3 6372.1 -579.6 64 0 54.7 9.5 7.5 2.5 2 0 3 5 5
-6311.0 6344.5 -579.7 243 0 27.3 9.3 7.5 2.5 2 0 3 3 3
-6303.6 6295.7 -579.7 63 0 9.5 30.1 7.5 2.5 2 1 3 4 4
-6343.5 6293.3 -579.6 254 0 30.2 9.5 7.5 2.5 2 0 3 3 3
-6364.7 6306.5 -579.4 73 0 9.1 55.0 7.5 2.5 2 1 3 5 5
-5955.9 6528.8 -581.2 332 0 9.1 27.0 7.5 2.5 2 1 3 1 1
-5935.8 6482.4 -580.6 341 0 9.1 27.2 7.5 2.5 2 1 3 0 0
-5932.3 6470.8 -580.3 251 0 9.4 30.2 7.5 2.5 4 1 3 5 5
-5947.5 6433.8 -580.4 71 0 9.2 30.3 7.5 2.5 2 1 3 2 2
-5900.7 6459.2 -579.9 251 0 27.7 9.4 7.5 2.5 4 0 3 0 0
-5899.7 6476.6 -580.3 67 0 9.3 27.2 7.5 2.5 4 1 3 5 5
-5934.2 6558.9 -581.1 247 0 9.5 55.3 7.5 0.0 0 1 3 2 2
-5947.9 6569.7 -581.5 63 0 27.4 9.3 7.5 2.5 2 0 3 0 0
-5961.9 6539.7 -581.6 63 0 9.2 29.5 7.5 2.5 2 1 3 5 5
-5998.7 6554.3 -581.8 243 0 9.2 29.9 7.5 2.5 2 1 3 2 2
-6140.7 6248.0 -579.5 328 0 27.1 9.2 5.0 2.5 2 0 2 5 5
-6330.2 6247.7 -579.7 74 0 30.0 9.4 7.5 2.5 4 0 3 3 3
-6340.6 6224.4 -579.5 253 0 9.4 55.5 7.5 2.5 2 1 3 1 1
-6314.3 6137.5 -578.6 73 0 9.3 27.5 7.5 2.5 2 1 3 4 4
-6281.5 6127.7 -577.9 247 0 54.5 9.1 7.5 2.5 2 0 3 3 3
-6240.7 6140.9 -578.8 69 0 9.3 54.4 7.5 2.5 2 1 3 3 3
-6226.2 6215.4 -579.1 327 0 9.2 27.4 7.5 2.5 2 1 3 5 5
-6270.0 6231.8 -579.6 153 0 9.6 27.6 7.5 2.5 2 1 3 4 4
-6194.1 6183.5 -578.9 45 0 9.4 29.7 7.5 2.5 2 1 3 0 0
-6161.1 6217.1 -579.3 51 0 9.2 27.3 7.5 2.5 2 1 3 2 2
-6161.3 6265.8 -579.6 325 0 9.2 27.2 7.5 2.5 2 1 3 3 3
-6178.0 6280.9 -579.9 333 0 9.3 27.3 7.5 2.5 2 1 3 3 3
-6184.1 6307.2 -580.2 334 0 27.3 9.3 7.5 2.5 2 0 3 5 5
-6221.8 6303.6 -580.1 243 0 9.7 27.3 7.5 2.5 2 1 3 5 5
-6262.9 6282.7 -579.9 244 0 9.1 30.3 7.5 2.5 2 1 3 0 0
-6288.0 6253.5 -579.8 154 0 30.2 9.3 7.5 2.5 2 0 3 5 5
-6166.1 6324.1 -580.5 161 0 9.2 27.8 7.5 2.5 2 1 3 3 3
-6095.2 6343.5 -580.6 71 0 55.8 9.6 7.5 2.5 2 0 3 2 2
-6081.0 6253.2 -579.3 350 0 9.3 27.4 7.5 2.5 2 1 3 4 4
-6061.3 6261.7 -579.4 259 0 30.0 9.1 7.5 2.5 2 0 3 1 1
-6068.8 6333.8 -580.3 256 0 9.0 55.0 7.5 2.5 2 1 3 5 5
-6016.9 6289.4 -580.1 76 0 9.4 55.3 7.5 2.5 2 1 3 1 1
-6001.7 6270.5 -579.2 259 0 27.4 9.6 7.5 2.5 2 0 3 4 4
-5974.4 6265.9 -579.1 79 0 9.1 30.6 7.5 2.5 2 1 3 4 4
-5982.8 6308.2 -579.3 170 0 9.2 27.2 5.0 2.5 4 1 2 5 5
-5949.2 6271.1 -578.8 80 0 9.5 30.2 7.5 0.0 0 1 3 4 4
-5905.3 6279.0 -578.4 79 0 9.0 30.1 7.5 2.5 2 1 3 0 0
-5887.2 6325.8 -578.6 349 0 9.7 27.0 7.5 2.5 2 1 3 1 1
-5885.0 6313.3 -578.2 259 0 9.4 30.1 7.5 2.5 2 1 3 3 3
-5855.7 6297.6 -577.8 259 0 27.2 9.2 7.5 2.5 2 0 3 0 0
-5852.1 6315.2 -578.4 76 0 9.5 55.6 7.5 2.5 2 1 3 2 2
-5874.2 6401.1 -578.9 255 0 9.2 27.3 5.0 2.5 2 1 2 5 5
-6026.8 6366.6 -580.5 72 0 27.3 9.2 5.0 2.5 2 0 2 4 4
-5995.6 6355.2 -580.2 72 0 9.6 29.8 7.5 2.5 2 1 3 3 3
-5992.3 6343.1 -579.8 161 0 9.7 27.5 7.5 2.5 2 1 3 1 1
-5979.8 6391.7 -580.1 252 0 9.6 29.9 7.5 2.5 2 1 3 3 3
-5938.6 6406.1 -579.7 251 0 9.2 29.8 7.5 2.5 2 1 3 0 0
-5900.0 6374.9 -579.2 341 0 9.6 27.1 7.5 2.5 2 1 3 3 3
-5904.1 6386.1 -579.5 71 0 9.4 30.1 7.5 2.5 2 1 3 5 5
-5886.4 6414.2 -579.4 72 0 27.8 9.2 7.5 2.5 4 0 3 4 4
-6576.3 6031.3 -574.5 60 0 8.8 44.1 7.5 2.5 2 1 3 1 1
-6588.2 5985.7 -571.6 60 0 8.8 62.6 7.5 2.5 2 1 3 1 1
-6610.0 5969.1 -567.4 330 0 59.5 8.8 7.5 2.5 2 0 3 1 1
-6581.1 5846.6 -559.1 340 0 44.9 8.7 7.5 2.5 4 0 3 1 1
-6547.8 5781.5 -558.3 309 0 59.6 8.9 7.5 2.5 2 0 3 5 5
-6518.8 5822.8 -560.9 58 0 9.2 59.6 7.5 2.5 2 1 3 5 5
-6546.9 5925.9 -564.2 238 0 8.9 62.6 7.5 2.5 2 1 3 0 0
-6529.2 5968.8 -568.6 147 0 30.2 9.0 7.5 2.5 2 0 3 0 0
-6472.1 5763.8 -561.2 278 0 59.8 8.9 7.5 2.5 2 0 3 3 3
-6434.7 5800.6 -563.0 6 0 9.1 59.9 7.5 2.5 2 1 3 5 5
-6377.6 5712.8 -562.3 35 0 8.8 62.5 7.5 0.0 0 1 3 0 0
-6332.8 5721.2 -563.4 34 0 8.7 62.6 7.5 2.5 2 1 3 1 1
-6303.5 5739.8 -565.3 34 0 8.7 59.7 7.5 2.5 2 1 3 2 2
-6347.8 5816.9 -566.9 349 0 8.9 59.4 7.5 2.5 2 1 3 3 3
-6338.0 5860.0 -569.2 349 0 44.7 8.8 7.5 2.5 2 0 3 2 2
-6394.0 5872.4 -568.1 260 0 52.5 9.0 7.5 2.5 2 0 3 1 1
-6400.2 5906.3 -569.4 80 0 53.2 8.9 7.5 2.5 4 0 3 5 5
-6408.4 5950.2 -571.6 259 0 52.8 9.0 7.5 2.5 2 0 3 2 2
-6430.9 5883.0 -566.4 350 0 45.7 8.9 7.5 2.5 2 0 3 5 5
-6352.2 5938.1 -572.8 350 0 44.7 9.1 7.5 2.5 2 0 3 3 3
-6382.2 6006.9 -574.9 254 0 28.7 9.6 7.5 0.0 0 0 3 5 5
-6455.6 6002.5 -572.6 285 0 44.6 9.0 7.5 2.5 4 0 3 0 0
-6531.9 6018.3 -571.7 195 0 8.9 44.3 7.5 2.5 2 1 3 5 5
-6521.2 6058.4 -574.8 195 0 8.8 44.8 7.5 2.5 2 1 3 1 1
-6436.2 6046.5 -575.8 285 0 56.9 9.3 7.5 2.5 2 0 3 4 4
-6381.1 6044.0 -576.1 164 0 9.7 56.6 7.5 0.0 0 1 3 5 5
-6326.7 6027.8 -575.6 164 0 32.3 9.2 7.5 2.5 2 0 3 5 5
-6246.8 5992.4 -574.3 349 0 9.5 41.4 7.5 2.5 4 1 3 3 3
-6280.1 6038.3 -575.8 343 0 32.3 9.6 7.5 2.5 2 0 3 0 0
-6254.8 5955.7 -573.3 260 0 9.2 26.7 5.0 2.5 2 1 2 5 5
-6268.4 5889.6 -571.6 170 0 30.1 9.1 7.5 2.5 2 0 3 2 2
-6307.9 5860.3 -570.1 170 0 9.0 37.7 7.5 0.0 0 1 3 1 1
-6316.2 5903.2 -572.0 170 0 8.9 37.8 7.5 2.5 2 1 3 4 4
-6243.9 5794.2 -566.9 350 0 9.6 56.0 7.5 0.0 0 1 3 4 4
-6269.8 5828.1 -568.3 349 0 9.3 32.0 7.5 2.5 2 1 3 0 0
-6217.4 5799.3 -567.6 170 0 9.5 56.9 7.5 2.5 2 1 3 5 5
-6194.9 5865.9 -570.0 350 0 27.2 9.3 7.5 0.0 0 0 3 2 2
-6229.3 5835.2 -569.0 170 0 9.6 31.9 5.0 2.5 2 1 2 3 3
-6157.7 5848.7 -568.6 259 0 9.3 32.2 7.5 2.5 2 1 3 5 5
-6152.3 5869.1 -569.7 79 0 27.7 9.5 7.5 2.5 2 0 3 5 5
-6171.8 5898.6 -570.8 170 0 9.4 27.8 7.5 2.5 2 1 3 5 5
-6124.5 5879.0 -570.5 80 0 9.7 27.2 7.5 0.0 0 1 3 5 5
-6103.5 5919.6 -571.8 79 0 9.1 27.2 2.5 2.5 2 1 1 3 3
-6143.0 5977.3 -573.3 259 0 9.4 27.7 7.5 2.5 2 1 3 5 5
-6122.6 6018.7 -574.6 259 0 9.4 27.9 7.5 2.5 2 1 3 5 5
-6179.5 5942.2 -572.4 169 0 9.1 27.0 7.5 2.5 2 1 3 4 4
-6172.0 5976.4 -573.5 260 0 27.5 9.3 7.5 2.5 2 0 3 3 3
-6183.7 5990.6 -574.9 80 0 9.4 32.1 7.5 2.5 4 1 3 1 1
-6147.9 6043.5 -575.6 329 0 9.2 32.1 7.5 2.5 4 1 3 1 1
-6135.4 6053.0 -576.1 159 0 9.6 27.5 7.5 2.5 4 1 3 2 2
-6093.7 6072.1 -576.2 260 0 9.4 31.9 7.5 2.5 2 1 3 0 0
-6081.0 6026.2 -574.8 350 0 9.6 27.3 7.5 2.5 2 1 3 2 2
-6075.9 5999.1 -573.7 349 0 9.4 27.3 7.5 2.5 2 1 3 0 0
-6067.8 5955.0 -572.1 350 0 9.6 27.3 7.5 2.5 2 1 3 0 0
-6075.4 5921.3 -571.1 79 0 27.4 9.5 7.5 2.5 2 0 3 0 0
-6063.2 5903.6 -570.0 259 0 9.6 32.4 7.5 2.5 2 1 3 2 2
-6208.1 5913.4 -571.4 260 0 9.5 27.4 7.5 2.5 2 1 3 5 5
-6220.6 5929.8 -572.4 80 0 27.7 9.1 7.5 2.5 2 0 3 4 4
-6239.8 5958.8 -573.5 170 0 9.3 27.4 7.5 0.0 0 1 3 1 1
-6227.4 5991.0 -574.5 169 0 27.3 9.3 7.5 2.5 2 0 3 5 5
-6239.1 6096.1 -577.0 334 0 9.6 55.3 7.5 2.5 2 1 3 0 0
-6252.4 6033.5 -575.9 156 0 9.4 55.8 7.5 2.5 2 1 3 4 4
-6213.8 6102.4 -577.4 134 0 27.0 9.3 7.5 2.5 2 0 3 2 2
-6187.3 6130.0 -577.9 314 0 27.0 9.4 5.0 2.5 2 0 2 1 1
-6172.7 6108.0 -577.2 314 0 9.3 27.2 7.5 2.5 2 1 3 2 2
-6147.2 6089.4 -576.8 329 0 9.6 55.7 7.5 2.5 2 1 3 3 3
-6175.1 6156.8 -578.7 135 0 9.5 55.0 7.5 2.5 2 1 3 4 4
-5974.9 5886.4 -568.8 349 0 9.8 57.1 7.5 2.5 2 1 3 5 5
-6004.1 5920.5 -570.3 349 0 9.5 27.7 7.5 2.5 2 1 3 0 0
-6035.3 5937.8 -571.2 169 0 9.5 27.6 7.5 2.5 2 1 3 2 2
-5993.1 5945.8 -572.0 79 0 9.6 27.7 7.5 2.5 2 1 3 0 0
-6040.0 5965.3 -572.2 170 0 9.5 27.7 7.5 2.5 2 1 3 4 4
-6011.3 6043.8 -574.7 259 0 9.3 27.5 7.5 2.5 2 1 3 4 4
-5984.2 6048.3 -574.7 260 0 9.1 27.5 7.5 2.5 2 1 3 1 1
-6048.4 6008.8 -573.9 169 0 9.6 27.3 7.5 2.5 2 1 3 3 3
-6053.5 6035.9 -574.9 169 0 9.3 27.7 7.5 2.5 2 1 3 3 3
-6049.3 6066.2 -576.4 349 0 27.9 9.5 7.5 2.5 2 0 3 2 2
-6047.7 6118.9 -577.5 260 0 54.7 9.4 7.5 2.5 4 0 3 2 2
-5977.1 6088.5 -576.3 349 0 9.4 55.4 7.5 2.5 2 1 3 5 5
-5942.5 6056.5 -574.8 349 0 9.7 27.2 7.5 0.0 0 1 3 1 1
-5937.5 6029.1 -573.7 349 0 9.3 27.3 7.5 2.5 2 1 3 4 4
-5929.2 5985.8 -572.0 349 0 9.4 27.6 7.5 2.5 2 1 3 5 5
-5924.1 5958.3 -571.0 350 0 9.5 27.5 7.5 2.5 2 1 3 4 4
-5947.1 5930.5 -570.1 169 0 9.5 27.8 7.5 2.5 2 1 3 4 4
-5966.2 5951.2 -572.0 79 0 9.2 26.7 5.0 2.5 2 1 2 1 1
-5961.9 5888.8 -568.8 169 0 9.2 57.3 7.5 2.5 2 1 3 0 0
-5956.9 6083.1 -576.2 169 0 27.7 9.3 7.5 2.5 2 0 3 3 3
-5919.4 6090.0 -575.7 170 0 27.7 9.5 7.5 2.5 2 0 3 0 0
-5914.4 6061.5 -574.6 169 0 9.6 32.2 7.5 2.5 2 1 3 4 4
-5909.2 6034.3 -573.6 170 0 9.4 32.1 7.5 2.5 2 1 3 3 3
-5901.0 5990.5 -572.0 170 0 9.2 31.7 7.5 2.5 2 1 3 2 2
-5867.4 6069.9 -574.0 260 0 9.4 27.3 7.5 2.5 2 1 3 1 1
-5887.1 5942.2 -569.7 260 0 9.4 32.3 7.5 0.0 0 1 3 2 2
-5849.4 5972.2 -571.6 79 0 9.6 27.6 7.5 2.5 2 1 3 1 1
-5879.4 5962.1 -571.0 79 0 32.1 9.2 7.5 2.5 2 0 3 3 3
-5843.6 6031.0 -573.0 170 0 27.5 9.6 7.5 2.5 2 0 3 5 5
-5794.2 6025.3 -572.1 350 0 9.5 27.5 7.5 2.5 2 1 3 3 3
-5799.4 6054.5 -572.8 349 0 9.5 27.5 7.5 2.5 2 1 3 1 1
-5886.4 6105.1 -575.1 170 0 9.5 55.4 7.5 2.5 2 1 3 4 4
-5850.6 6145.8 -575.6 79 0 55.6 9.4 7.5 0.0 0 0 3 2 2
-5835.2 6233.7 -576.2 260 0 9.5 55.3 7.5 2.5 2 1 3 1 1
-5848.2 6252.8 -577.2 80 0 27.5 9.2 7.5 2.5 2 0 3 5 5
-5870.3 6230.2 -577.5 80 0 9.6 27.4 7.5 2.5 2 1 3 5 5
-5867.4 6218.0 -577.1 349 0 9.2 27.5 7.5 2.5 2 1 3 5 5
-5900.9 6252.2 -577.8 260 0 9.0 27.6 7.5 2.5 2 1 3 0 0
-5910.9 6148.7 -576.7 350 0 27.2 9.4 5.0 2.5 2 0 2 4 4
-5942.6 6128.7 -577.2 79 0 9.5 27.5 7.5 2.5 2 1 3 2 2
-5949.1 6171.0 -577.5 169 0 9.4 27.5 7.5 2.5 2 1 3 2 2
-5963.6 6200.1 -578.0 170 0 9.5 27.5 7.5 2.5 2 1 3 4 4
-5944.8 6244.1 -578.2 259 0 9.3 27.6 7.5 2.5 2 1 3 5 5
-5965.6 6212.5 -578.4 80 0 9.0 27.3 5.0 2.5 2 1 2 0 0
-5976.5 6132.2 -577.5 260 0 31.7 9.2 7.5 2.5 2 0 3 2 2
-5999.0 6203.9 -578.4 260 0 9.7 54.9 7.5 2.5 2 1 3 5 5
-5994.0 6225.7 -578.8 79 0 27.8 9.2 7.5 2.5 2 0 3 4 4
-6038.9 6196.7 -578.5 259 0 9.6 55.0 7.5 2.5 4 1 3 3 3
-6051.5 6215.3 -578.9 80 0 27.3 9.1 5.0 2.5 2 0 2 5 5
-6078.5 6219.4 -578.9 259 0 9.1 27.5 7.5 2.5 2 1 3 1 1
-6072.3 6180.2 -578.4 350 0 9.4 27.2 7.5 2.5 2 1 3 3 3
-6109.7 6199.9 -578.8 170 0 27.6 9.5 7.5 2.5 2 0 3 2 2
-6097.7 6140.7 -578.0 350 0 9.5 27.5 7.5 2.5 2 1 3 5 5
-6090.1 6101.5 -577.6 80 0 9.4 27.7 7.5 2.5 4 1 3 3 3
-6116.9 6096.0 -577.5 76 0 9.5 27.4 7.5 0.0 0 1 3 0 0
-6464.2 6393.9 -579.0 209 0 32.2 17.2 10.0 2.5 2 0 4 2 2
-6870.0 6197.3 -575.0 181 0 30.7 11.4 10.0 2.5 4 0 4 1 1
-6501.9 6983.3 -590.7 5 0 4.5 5.0 5.0 2.5 2 1 2 5 5
-6814.5 6556.2 -581.8 65 0 10.4 10.5 7.5 0.0 0 1 3 1 1
-6710.0 6638.4 -583.6 243 0 10.5 10.3 5.0 2.5 2 0 2 5 5
-5077.2 6650.9 -575.3 270 0 30.6 12.6 10.0 2.5 2 0 4 1 1
-5105.1 6641.9 -575.0 195 0 7.5 8.5 2.5 2.5 2 1 1 5 5
-6881.6 7066.5 -591.8 64 0 64.4 18.6 10.0 2.5 4 0 4 5 5
-4549.3 6679.5 -576.9 209 0 9.2 35.0 7.5 2.5 2 1 3 0 0
-4457.9 6346.0 -572.8 34 0 13.0 16.5 7.5 0.0 0 1 3 1 1
-4527.3 6600.6 -576.0 359 0 31.9 9.2 7.5 2.5 2 0 3 3 3
-4447.4 6756.6 -577.5 205 0 9.8 15.9 7.5 2.5 2 1 3 5 5
-4462.3 6761.8 -577.0 15 0 9.7 15.8 7.5 2.5 2 1 3 3 3
-4494.5 6768.2 -576.8 4 0 9.4 28.8 7.5 2.5 2 1 3 2 2
-4537.5 6766.0 -576.8 0 0 9.6 28.2 7.5 0.0 0 1 3 5 5
-4578.1 6769.3 -576.7 360 0 9.4 28.5 7.5 0.0 0 1 3 1 1
-4588.0 6714.4 -577.4 360 0 9.7 17.5 7.5 2.5 2 1 3 0 0
-4561.2 6718.8 -577.4 0 0 9.7 17.3 5.0 2.5 2 1 2 4 4
-4531.4 6718.9 -577.4 0 0 9.9 17.2 2.5 2.5 2 1 1 3 3
-4498.5 6713.6 -577.3 8 0 9.7 15.9 7.5 0.0 0 1 3 2 2
-4482.7 6709.9 -577.1 199 0 9.5 15.6 5.0 2.5 2 1 2 3 3
-4452.9 6701.0 -577.1 208 0 9.8 16.8 2.5 2.5 2 1 1 5 5
-4407.1 6732.4 -577.7 32 0 9.9 17.2 5.0 2.5 4 1 2 3 3
-4422.0 6684.0 -577.0 262 0 9.6 17.4 2.5 2.5 4 1 1 2 2
-4386.8 6711.5 -577.6 38 0 9.8 17.2 7.5 0.0 0 1 3 3 3
-4574.8 6679.5 -577.1 330 0 9.2 34.9 7.5 0.0 0 1 3 3 3
-4578.9 6626.8 -576.4 270 0 43.8 9.3 7.5 2.5 2 0 3 0 0
-4499.1 6601.1 -575.9 180 0 32.3 9.2 7.5 2.5 2 0 3 4 4
-4499.4 6650.9 -576.5 106 0 17.3 9.4 7.5 2.5 2 0 3 5 5
-4456.9 6564.0 -575.5 335 0 32.1 9.3 7.5 2.5 2 0 3 2 2
-4423.2 6524.3 -575.0 308 0 43.0 8.9 7.5 2.5 2 0 3 2 2
-4296.2 6702.0 -577.9 140 0 10.0 17.3 5.0 2.5 2 1 2 5 5
-4406.1 6613.4 -576.2 320 0 9.7 17.2 2.5 2.5 2 1 1 1 1
-4394.4 6625.5 -576.5 185 0 9.8 28.6 7.5 2.5 2 1 3 5 5
-4355.9 6578.4 -576.2 97 0 9.6 28.5 7.5 0.0 0 1 3 4 4
-4435.5 6650.8 -576.5 320 0 9.5 17.2 5.0 2.5 2 1 2 3 3
-4359.1 6713.3 -577.6 320 0 9.3 17.2 7.5 2.5 4 1 3 0 0
-4331.4 6678.7 -577.2 275 0 9.7 28.7 7.5 2.5 2 1 3 1 1
-4321.5 6634.1 -576.9 184 0 9.8 28.4 7.5 2.5 2 1 3 2 2
-4306.0 6698.0 -577.6 319 0 9.8 17.3 2.5 2.5 2 1 1 4 4
-4265.6 6657.9 -577.2 321 0 9.8 17.3 5.0 2.5 2 1 2 0 0
-4255.4 6667.4 -577.6 141 0 10.0 17.6 5.0 0.0 0 1 2 5 5
-4276.8 6722.3 -578.2 141 0 9.6 17.4 5.0 2.5 2 1 2 2 2
-4240.1 6749.0 -578.3 321 0 9.7 15.6 5.0 2.5 2 1 2 3 3
-4233.4 6759.1 -578.1 137 0 9.8 17.7 5.0 2.5 2 1 2 5 5
-4179.5 6788.7 -578.4 357 0 9.6 28.6 7.5 2.5 4 1 3 1 1
-4148.5 6785.1 -579.1 356 0 9.6 15.4 5.0 2.5 2 1 2 4 4
-4174.9 6716.5 -578.4 165 0 9.7 17.4 5.0 0.0 0 1 2 1 1
-4128.0 6725.5 -578.2 354 0 9.7 15.8 2.5 2.5 4 1 1 3 3
-4134.6 6786.7 -579.2 172 0 9.6 15.7 2.5 2.5 2 1 1 5 5
-4105.7 6790.9 -578.9 168 0 9.9 15.9 7.5 2.5 2 1 3 3 3
-4114.3 6722.3 -577.9 174 0 9.7 14.4 2.5 2.5 2 1 1 2 2
-4086.1 6727.0 -577.1 174 0 8.3 16.5 7.5 2.5 2 1 3 1 1
-4037.8 6735.0 -575.9 351 0 9.3 16.1 2.5 0.0 0 1 1 1 1
-4076.4 6796.5 -578.5 174 0 9.8 16.1 5.0 0.0 0 1 2 1 1
-4045.6 6796.9 -577.3 168 0 9.6 15.9 5.0 2.5 2 1 2 5 5
-4006.6 6743.5 -574.8 343 0 10.0 16.1 7.5 2.5 2 1 3 1 1
-3994.1 6744.9 -573.8 157 0 9.7 17.4 2.5 2.5 2 1 1 5 5
-4017.4 6807.0 -576.7 162 0 9.6 15.8 5.0 2.5 2 1 2 5 5
-3971.1 6814.7 -575.9 26 0 9.7 16.3 5.0 2.5 2 1 2 0 0
-3965.0 6757.9 -572.6 152 0 9.7 16.9 7.5 2.5 2 1 3 2 2
-3965.3 6799.9 -574.1 242 0 9.7 15.7 5.0 2.5 2 1 2 5 5
-4216.8 6699.3 -577.9 329 0 9.8 17.2 7.5 2.5 2 1 3 4 4
-4202.1 6636.0 -577.1 93 0 9.6 16.9 5.0 2.5 2 1 2 0 0
-4202.5 6701.3 -578.2 159 0 9.6 17.3 5.0 2.5 2 1 2 5 5
-4285.3 6581.6 -576.2 320 0 9.5 28.5 7.5 2.5 2 1 3 1 1
-4275.8 6589.8 -576.5 140 0 9.5 15.0 7.5 2.5 4 1 3 3 3
-4234.2 6608.2 -576.7 8 0 9.8 17.0 2.5 2.5 2 1 1 3 3
-4183.0 6659.9 -576.7 159 0 10.0 15.9 2.5 2.5 2 1 1 5 5
-4155.6 6669.6 -576.7 169 0 9.8 15.6 5.0 2.5 2 1 2 1 1
-4110.5 6676.6 -576.9 353 0 9.7 16.0 2.5 2.5 4 1 1 0 0
-4099.9 6678.2 -576.6 175 0 9.8 16.0 2.5 2.5 4 1 1 0 0
-4070.1 6678.3 -576.1 174 0 9.6 16.1 5.0 2.5 4 1 2 2 2
-4040.3 6684.7 -575.8 169 0 9.7 15.8 7.5 2.5 4 1 3 3 3
-4009.6 6692.8 -575.1 195 0 9.9 15.8 5.0 0.0 0 1 2 1 1
-3947.2 6716.7 -573.1 304 0 9.8 16.2 5.0 2.5 2 1 2 0 0
-3933.6 6723.1 -572.0 153 0 9.5 15.4 2.5 2.5 2 1 1 0 0
-3909.5 6800.2 -571.9 270 0 15.9 9.7 5.0 2.5 2 0 2 4 4
-3926.1 6824.5 -573.6 242 0 9.9 15.8 7.5 2.5 2 1 3 5 5
-3929.9 6838.0 -575.2 61 0 9.8 15.8 5.0 2.5 2 1 2 2 2
-3964.8 6869.2 -577.0 204 0 9.3 15.4 2.5 2.5 2 1 1 4 4
-3998.7 6867.0 -578.3 167 0 9.5 17.4 5.0 2.5 2 1 2 3 3
-4011.7 6858.3 -578.5 339 0 9.6 15.3 7.5 2.5 2 1 3 1 1
-4059.6 6847.6 -578.9 174 0 9.9 15.0 5.0 2.5 2 1 2 5 5
-4073.4 6845.8 -579.3 354 0 9.2 16.0 5.0 2.5 4 1 2 5 5
-4117.9 6838.1 -579.7 173 0 9.3 15.5 5.0 2.5 2 1 2 3 3
-4131.8 6837.2 -580.0 354 0 9.6 17.2 7.5 2.5 2 1 3 1 1
-4165.6 6831.7 -579.3 25 0 9.9 17.5 7.5 2.5 2 1 3 0 0
-4309.1 6769.3 -577.6 209 0 7.4 6.8 7.5 2.5 2 0 3 0 0
-4493.8 7090.0 -577.1 271 0 9.0 10.5 7.5 2.5 2 1 3 1 1
-4557.8 7211.3 -581.9 215 0 10.6 41.0 10.0 2.5 2 1 4 3 3
-4403.6 7125.0 -580.4 93 0 13.4 9.4 5.0 2.5 2 0 2 3 3
-4327.9 7141.5 -583.1 182 0 45.9 14.9 10.0 2.5 2 0 4 2 2
-4137.7 7154.2 -584.5 90 0 10.2 20.2 7.5 2.5 2 1 3 5 5
-4105.4 7154.4 -582.5 90 0 10.6 20.0 7.5 0.0 0 1 3 4 4
-4078.0 7152.0 -580.3 133 0 10.2 19.6 7.5 0.0 0 1 3 1 1
-4039.5 7067.6 -577.3 180 0 10.3 21.0 10.0 0.0 0 1 4 5 5
-4038.9 7040.5 -578.0 198 0 10.4 21.0 15.0 0.0 0 1 6 5 5
-4130.5 7012.5 -582.1 270 0 12.9 20.5 12.5 0.0 0 1 5 3 3
-4159.4 7012.6 -581.7 270 0 12.3 21.1 5.0 0.0 0 1 2 5 5
-4159.2 6900.9 -580.3 270 0 12.7 20.6 7.5 0.0 0 1 3 5 5
-4129.7 6902.9 -580.7 264 0 12.9 20.3 7.5 2.5 2 1 3 5 5
-4088.1 6934.8 -580.7 85 0 12.6 20.1 10.0 2.5 2 1 4 0 0
-4115.8 6931.2 -581.1 84 0 12.3 20.6 2.5 0.0 0 1 1 3 3
-4174.8 6940.3 -580.9 181 0 12.3 18.5 5.0 2.5 2 1 2 5 5
-4205.7 7216.7 -585.8 0 0 13.2 6.0 5.0 2.5 2 0 2 3 3
-4214.6 7302.2 -587.5 100 0 13.2 19.0 5.0 0.0 0 1 2 2 2
-4194.1 7336.5 -588.0 27 0 13.7 16.7 7.5 0.0 0 1 3 5 5
-4776.8 7144.9 -580.6 269 0 5.7 6.8 7.5 2.5 2 1 3 5 5
-5385.0 6455.8 -571.0 90 0 15.3 33.4 10.0 2.5 2 1 4 3 3
-5377.3 6417.4 -570.0 0 0 33.3 15.4 12.5 0.0 0 0 5 2 2
-5344.4 6333.5 -567.5 270 0 33.3 15.3 10.0 2.5 2 0 4 0 0
-5330.0 6356.0 -567.9 90 0 33.5 15.7 7.5 2.5 2 0 3 0 0
-5284.4 6337.1 -566.1 240 0 33.2 15.4 10.0 0.0 0 0 4 0 0
-5291.0 6398.1 -567.8 345 0 33.0 15.3 7.5 2.5 2 0 3 0 0
-5263.6 6373.4 -566.4 185 0 33.2 15.4 10.0 2.5 2 0 4 0 0
-5270.8 6411.6 -567.4 165 0 33.4 15.4 5.0 2.5 2 0 2 3 3
-5282.8 6454.2 -568.7 165 0 33.1 15.6 10.0 2.5 2 0 4 5 5
-5301.8 6439.1 -568.8 345 0 33.4 15.2 10.0 2.5 2 0 4 5 5
-5312.0 6477.0 -569.7 345 0 33.0 15.3 7.5 2.5 2 0 3 4 4
-5344.7 6441.6 -569.2 149 0 5.9 6.8 5.0 0.0 0 1 2 1 1
-5310.0 6107.0 -562.4 180 0 6.2 6.1 5.0 2.5 4 0 2 0 0
-5342.9 6252.3 -565.8 89 0 5.1 4.1 7.5 2.5 2 0 3 4 4
-6868.0 6142.5 -574.1 90 0 9.1 31.4 7.5 2.5 2 1 3 4 4
-6894.5 6304.3 -577.3 113 0 30.0 10.7 7.5 2.5 2 0 3 4 4
-6939.4 6308.4 -577.5 81 0 30.7 11.3 10.0 2.5 4 0 4 3 3
-6936.6 6259.9 -576.5 352 0 11.1 30.7 12.5 2.5 2 1 5 2 2
-6925.1 6223.5 -575.7 181 0 23.4 11.3 7.5 2.5 2 0 3 5 5
-6909.4 6146.8 -574.8 91 0 9.2 41.4 7.5 2.5 2 1 3 5 5
-3606.2 8560.4 -599.7 214 0 12.1 45.9 10.0 2.5 2 1 4 0 0
-3611.3 8432.1 -599.4 34 0 7.1 6.5 5.0 2.5 2 0 2 4 4
-3619.5 8420.5 -599.2 35 0 7.7 6.2 7.5 2.5 2 0 3 1 1
-3592.2 8451.4 -600.2 35 0 15.9 11.4 7.5 2.5 2 0 3 3 3
-3817.0 8516.2 -585.0 214 0 8.8 6.8 7.5 2.5 2 0 3 3 3
-3799.2 8542.8 -585.5 214 0 8.4 6.4 7.5 2.5 2 0 3 5 5
-3776.3 8576.2 -586.5 214 0 15.5 11.8 7.5 2.5 2 0 3 5 5
-3780.9 8667.4 -592.3 35 0 17.0 30.1 15.0 0.0 0 1 6 3 3
-4005.1 8836.2 -599.6 315 0 46.2 17.4 12.5 2.5 2 0 5 2 2
-3962.4 8731.3 -597.5 317 0 10.7 16.0 2.5 2.5 2 1 1 4 4
-3985.7 8705.0 -596.4 46 0 9.4 7.6 7.5 2.5 2 0 3 1 1
-3996.4 8694.1 -595.9 46 0 9.2 8.2 7.5 2.5 2 0 3 0 0
-4238.3 9007.1 -615.9 85 0 31.2 126.6 12.5 0.0 0 1 5 2 2
-4167.7 9098.3 -615.1 355 0 46.0 17.7 7.5 2.5 2 0 3 0 0
-4232.1 8972.8 -606.9 87 0 9.5 8.2 7.5 2.5 2 0 3 5 5
-4246.8 8971.8 -606.7 85 0 9.4 7.7 2.5 2.5 2 0 1 4 4
-4294.5 9312.4 -617.3 86 0 15.0 11.6 7.5 2.5 2 0 3 1 1
-4192.4 9512.9 -620.9 359 0 46.4 11.7 10.0 2.5 2 0 4 3 3
-4244.5 9583.9 -621.9 269 0 15.7 11.1 10.0 0.0 0 0 4 5 5
-4272.3 9580.3 -621.9 269 0 8.1 6.5 7.5 2.5 2 0 3 0 0
-4286.7 9580.0 -621.9 269 0 8.4 6.3 7.5 2.5 4 0 3 3 3
-4174.1 9718.8 -625.6 8 0 92.1 17.7 7.5 0.0 0 0 3 4 4
-4232.8 9623.4 -622.9 98 0 10.5 6.6 5.0 2.5 2 0 2 4 4
-4216.7 9621.0 -622.8 100 0 10.3 6.6 5.0 2.5 2 0 2 4 4
-4292.6 9639.7 -623.4 98 0 45.8 17.1 10.0 2.5 2 0 4 3 3
-4335.6 9652.6 -623.8 98 0 18.5 24.6 10.0 2.5 2 1 4 0 0
-6144.6 7251.2 -591.3 147 0 5.9 6.0 7.5 2.5 2 1 3 4 4
-6236.0 7461.7 -596.3 148 0 30.2 30.6 7.5 0.0 0 1 3 4 4
-6261.8 7484.6 -596.5 149 0 19.0 18.6 10.0 2.5 2 0 4 4 4
-6198.0 7361.7 -594.5 57 0 25.5 35.1 10.0 2.5 2 1 4 5 5
-3170.1 5578.1 -536.5 25 0 4.0 3.3 7.5 2.5 2 0 3 5 5
-839.2 8508.3 -607.5 189 0 12.9 12.2 7.5 2.5 2 0 3 0 0
-847.6 8532.0 -607.6 190 0 7.6 18.3 5.0 2.5 2 1 2 1 1
-853.4 8462.9 -607.2 90 0 12.7 11.9 5.0 2.5 2 0 2 5 5
-871.2 8519.5 -607.2 10 0 39.5 6.7 7.5 2.5 2 0 3 0 0
-864.3 8576.5 -607.6 102 0 11.1 20.1 10.0 2.5 2 1 4 1 1
-1496.8 7336.9 -585.0 194 0 15.1 18.5 10.0 0.0 0 1 4 4 4
-2103.6 7925.3 -590.7 20 0 31.0 46.3 12.5 0.0 0 1 5 5 5
-2188.8 7939.0 -593.0 110 0 45.6 30.9 10.0 0.0 0 0 4 1 1
-2661.3 8107.2 -608.3 126 0 8.0 38.6 7.5 0.0 0 1 3 0 0
-2570.6 7974.8 -599.0 36 0 27.1 20.9 10.0 2.5 2 0 4 4 4
-2721.5 7982.3 -602.8 216 0 73.9 18.6 5.0 0.0 0 0 2 3 3
-2798.4 7531.9 -592.6 63 0 18.6 12.0 5.0 0.0 0 0 2 2 2
-2794.1 7651.5 -596.3 14 0 8.3 4.9 7.5 2.5 2 0 3 0 0
-2804.3 7651.1 -596.6 14 0 18.9 21.3 7.5 2.5 2 1 3 0 0
-2978.0 7653.6 -598.2 103 0 31.3 54.7 17.5 0.0 0 1 7 1 1
-2917.1 7719.2 -598.5 283 0 9.6 30.4 7.5 2.5 2 1 3 4 4
-2915.1 7730.4 -598.9 284 0 5.9 7.9 7.5 2.5 2 1 3 1 1
-3068.0 7811.8 -599.1 127 0 11.6 40.1 12.5 2.5 2 1 5 5 5
-3073.8 7808.7 -597.8 125 0 4.1 3.1 7.5 2.5 2 0 3 1 1
-3131.7 7920.6 -594.9 270 0 54.3 17.6 10.0 2.5 2 0 4 0 0
-3136.2 7697.9 -595.5 360 0 9.1 6.6 5.0 2.5 2 0 2 4 4
-3195.9 7829.3 -591.3 295 0 18.5 49.1 7.5 2.5 2 1 3 2 2
-3268.9 7757.2 -589.2 224 0 23.5 18.9 10.0 2.5 2 0 4 0 0
-3280.9 7438.8 -590.1 188 0 18.7 12.6 2.5 2.5 2 0 1 0 0
-3438.4 7410.5 -585.7 174 0 20.3 39.4 12.5 0.0 0 1 5 0 0
-3485.9 7580.3 -587.3 266 0 8.1 13.1 5.0 2.5 2 1 2 4 4
-3096.3 8084.6 -595.9 258 0 75.5 30.5 12.5 0.0 0 0 5 2 2
-3128.7 8173.5 -592.4 331 0 43.9 35.2 12.5 0.0 0 0 5 2 2
-3230.4 8125.4 -591.8 241 0 19.2 24.4 10.0 2.5 2 1 4 4 4
-3199.7 8069.0 -589.8 61 0 15.7 24.6 12.5 2.5 2 1 5 1 1
-3229.8 8060.4 -589.6 61 0 16.1 24.5 7.5 2.5 2 1 3 3 3
-3260.5 8117.0 -591.8 240 0 19.1 24.7 12.5 2.5 2 1 5 5 5
-3243.1 8185.5 -595.5 150 0 24.7 26.9 10.0 0.0 0 1 4 0 0
-1392.3 8503.3 -609.8 90 0 9.5 15.9 5.0 2.5 2 1 2 1 1
-1380.7 8578.7 -609.9 359 0 14.8 18.4 10.0 2.5 2 1 4 2 2
-1423.1 8599.1 -611.2 358 0 6.0 14.2 7.5 2.5 2 1 3 0 0
-1469.7 8597.5 -611.9 178 0 6.1 14.7 7.5 2.5 2 1 3 4 4
-1445.3 8664.2 -612.8 177 0 13.0 7.8 7.5 2.5 2 0 3 2 2
-1479.9 8587.5 -612.0 268 0 7.3 16.2 5.0 2.5 4 1 2 5 5
-1477.5 8555.5 -611.4 87 0 5.3 6.5 2.5 2.5 2 1 1 4 4
-1395.1 8693.5 -612.5 358 0 8.5 12.8 7.5 2.5 2 1 3 3 3
-1577.5 8533.5 -614.4 358 0 50.2 31.1 12.5 0.0 0 0 5 1 1
-1663.2 8461.8 -614.9 87 0 61.3 22.0 10.0 0.0 0 0 4 4 4
-1647.7 8542.3 -615.2 268 0 12.5 30.7 7.5 0.0 0 1 3 3 3
-1646.4 8575.8 -616.1 267 0 25.0 12.9 10.0 2.5 4 0 4 5 5
-1740.5 8470.4 -615.9 179 0 6.3 6.8 2.5 2.5 2 1 1 2 2
-1735.9 8486.3 -616.2 177 0 12.7 24.5 10.0 2.5 2 1 4 4 4
-1743.1 8508.3 -616.9 177 0 13.1 31.1 12.5 2.5 2 1 5 2 2
-1744.0 8526.5 -617.3 177 0 12.3 31.1 12.5 2.5 2 1 5 4 4
-1744.4 8540.8 -617.5 177 0 6.6 30.3 7.5 2.5 2 1 3 4 4
-1745.3 8555.5 -617.9 177 0 12.9 30.9 12.5 2.5 2 1 5 4 4
-5373.8 8787.3 -610.1 223 0 59.3 31.5 7.5 0.0 0 0 3 1 1
-5416.0 8839.3 -609.8 223 0 41.0 31.4 7.5 0.0 0 0 3 5 5
-5642.1 8664.9 -607.5 136 0 22.5 37.6 7.5 0.0 0 1 3 0 0
-5689.6 8561.2 -607.7 226 0 59.3 31.4 10.0 0.0 0 0 4 5 5
-5653.5 8482.1 -608.0 136 0 31.2 58.9 7.5 0.0 0 1 3 0 0
-5577.5 8455.3 -607.9 135 0 14.0 14.2 7.5 2.5 4 1 3 1 1
-5511.5 8509.2 -608.6 46 0 14.3 14.1 5.0 2.5 2 0 2 0 0
-6539.2 8407.2 -587.6 233 0 4.6 17.0 2.5 2.5 4 1 1 1 1
-5232.9 9924.8 -607.9 123 0 9.8 3.8 2.5 2.5 2 0 1 1 1
-5794.3 8443.3 -606.9 138 0 31.1 73.7 12.5 0.0 0 1 5 2 2
-5742.2 8313.9 -605.4 228 0 14.4 14.1 7.5 2.5 2 0 3 1 1
-5674.6 8355.2 -606.2 48 0 14.3 14.3 7.5 2.5 2 1 3 1 1
-5481.8 8533.9 -608.8 17 0 13.9 29.8 10.0 0.0 0 1 4 4 4
-5367.2 8655.3 -609.7 43 0 14.3 14.3 5.0 2.5 2 0 2 4 4
-5314.0 8711.8 -610.1 43 0 14.1 14.6 7.5 2.5 2 1 3 1 1
-5341.8 8695.9 -609.9 14 0 4.5 5.2 7.5 2.5 2 1 3 4 4
-5215.6 8821.2 -608.6 40 0 14.5 14.2 7.5 2.5 2 0 3 2 2
-5164.8 8879.6 -609.6 41 0 14.3 14.2 10.0 2.5 2 0 4 2 2
-5176.6 8906.4 -610.0 220 0 4.6 5.3 7.5 2.5 4 1 3 1 1
-5137.4 8906.8 -610.4 14 0 13.5 30.0 10.0 0.0 0 1 4 5 5
-5034.3 9038.1 -613.2 37 0 14.2 14.0 5.0 2.5 2 0 2 4 4
-4986.1 9098.9 -615.9 38 0 14.4 14.3 5.0 2.5 2 0 2 3 3
-5059.9 9035.5 -612.9 213 0 4.6 5.3 7.5 2.5 2 1 3 0 0
-4807.2 9511.6 -622.9 213 0 74.0 31.1 10.0 0.0 0 0 4 4 4
-4718.4 9461.8 -621.7 33 0 14.3 14.2 2.5 0.0 0 0 1 2 2
-4676.1 9527.1 -622.2 33 0 14.3 14.3 7.5 2.5 2 0 3 2 2
-4711.4 9522.8 -622.2 208 0 4.5 5.2 2.5 2.5 2 1 1 3 3
-4829.4 9570.0 -622.3 303 0 30.9 73.7 12.5 0.0 0 1 5 5 5
-4553.8 9727.9 -625.2 30 0 14.2 14.2 7.5 2.5 2 0 3 1 1
-4517.6 9805.3 -626.6 300 0 14.5 14.5 7.5 2.5 2 1 3 3 3
-4544.4 9790.4 -626.2 322 0 4.6 5.3 2.5 2.5 4 1 1 3 3
-4533.3 9818.4 -626.8 303 0 4.5 5.2 5.0 2.5 2 1 2 0 0
-4661.8 9844.8 -626.0 120 0 30.8 73.5 12.5 0.0 0 1 5 2 2
-4511.0 9923.6 -627.3 29 0 16.9 27.4 7.5 2.5 2 1 3 5 5
-4590.9 10092.2 -626.3 298 0 24.6 18.8 12.5 2.5 2 0 5 3 3
-4830.2 9609.4 -622.0 42 0 4.7 5.3 7.5 2.5 2 1 3 5 5
-4844.3 9634.2 -621.7 306 0 4.8 5.3 2.5 2.5 2 1 1 1 1
-4868.8 9619.1 -621.3 122 0 4.6 5.5 7.5 0.0 0 1 3 4 4
-5069.8 9355.1 -617.2 217 0 24.6 18.8 10.0 2.5 2 0 4 1 1
-5032.9 9400.3 -617.7 306 0 6.9 9.9 2.5 2.5 2 1 1 0 0
-5025.6 9395.2 -617.8 306 0 5.2 3.7 5.0 2.5 2 0 2 5 5
-5384.8 8450.9 -607.4 223 0 24.7 30.7 12.5 0.0 0 1 5 5 5
-5366.0 8471.4 -607.7 222 0 20.2 15.3 10.0 2.5 2 0 4 2 2
-5458.6 7698.0 -594.0 322 0 10.6 3.8 7.5 2.5 2 0 3 5 5
-5624.0 7646.4 -593.4 140 0 3.8 14.3 7.5 2.5 2 1 3 5 5
-5606.4 7681.2 -594.0 140 0 4.0 12.9 2.5 2.5 2 1 1 5 5
-5452.4 7469.1 -590.2 51 0 4.8 4.5 2.5 0.0 0 0 1 1 1
-6403.5 7108.0 -592.6 60 0 24.5 18.8 7.5 2.5 2 0 3 5 5
-6594.5 7456.0 -596.8 89 0 7.1 8.5 5.0 2.5 2 1 2 2 2
-6642.8 7488.0 -597.1 60 0 15.8 15.4 5.0 2.5 2 0 2 4 4
-6680.5 7507.5 -597.2 240 0 9.4 7.1 5.0 2.5 4 0 2 5 5
-6691.8 7501.6 -597.2 242 0 8.8 7.5 2.5 2.5 2 0 1 5 5
-6702.6 7495.7 -597.2 242 0 9.6 7.3 5.0 2.5 2 0 2 4 4
-6713.4 7489.7 -597.2 242 0 9.0 6.4 5.0 2.5 2 0 2 4 4
-4576.2 8558.4 -593.0 169 0 8.7 12.8 7.5 2.5 2 1 3 1 1
-4607.3 8677.1 -598.6 220 0 6.4 13.0 7.5 2.5 2 1 3 3 3
-3791.1 9837.2 -624.3 94 0 4.1 4.7 7.5 2.5 2 1 3 1 1
-3788.2 9762.2 -620.5 227 0 5.4 5.2 7.5 2.5 2 0 3 2 2
-3793.8 9749.6 -620.0 183 0 6.4 8.0 2.5 2.5 2 1 1 3 3
-3826.3 9761.3 -620.6 13 0 14.1 6.0 2.5 2.5 2 0 1 3 3
-3831.2 9745.3 -619.6 14 0 3.8 3.8 2.5 2.5 2 1 1 0 0
-4091.9 9925.9 -627.3 282 0 3.8 6.1 7.5 2.5 2 1 3 4 4
-4079.2 9905.0 -626.5 90 0 4.2 4.0 5.0 2.5 2 0 2 1 1
-4053.9 10812.9 -635.8 360 0 15.1 8.4 2.5 2.5 2 0 1 0 0
-4071.3 10774.8 -635.1 360 0 8.1 8.0 5.0 2.5 2 0 2 2 2
-4128.6 10751.6 -632.8 1 0 25.4 9.2 5.0 0.0 0 0 2 0 0
-3987.5 10875.8 -638.6 2 0 4.2 6.8 5.0 2.5 2 1 2 4 4
-3990.5 10858.4 -638.4 272 0 5.2 4.1 7.5 2.5 2 0 3 0 0
-3950.2 10756.5 -636.5 192 0 6.4 5.6 7.5 2.5 2 0 3 5 5
-3950.5 10767.4 -636.6 192 0 4.4 4.9 7.5 2.5 2 1 3 4 4
-3997.8 10542.4 -634.8 191 0 4.0 6.4 2.5 2.5 2 1 1 3 3
-3965.3 10563.1 -634.4 327 0 6.6 5.9 7.5 2.5 2 0 3 0 0
-3965.7 10511.3 -634.3 14 0 6.2 5.0 5.0 2.5 2 0 2 2 2
-3976.3 10510.4 -634.4 101 0 4.8 6.3 5.0 2.5 2 1 2 5 5
-3981.8 10453.9 -634.9 179 0 4.0 4.1 7.5 2.5 2 1 3 0 0
-3969.8 10431.7 -635.1 359 0 22.9 4.8 7.5 2.5 2 0 3 2 2
-3978.2 10404.9 -634.9 179 0 6.8 5.8 2.5 2.5 2 0 1 2 2
-3999.8 9471.0 -619.6 177 0 5.5 5.5 7.5 2.5 2 1 3 2 2
-3998.1 9481.7 -619.8 188 0 6.6 6.0 5.0 2.5 2 0 2 1 1
-4028.2 9260.1 -615.3 230 0 4.5 3.2 5.0 2.5 2 0 2 1 1
-3968.8 8906.7 -602.6 137 0 12.5 6.0 5.0 2.5 2 0 2 2 2
-3953.0 8931.6 -604.2 324 0 6.3 8.3 7.5 2.5 4 1 3 0 0
-3966.7 8956.3 -605.9 276 0 5.2 5.4 5.0 2.5 2 1 2 0 0
-3986.7 8960.5 -606.3 232 0 4.2 5.9 7.5 2.5 2 1 3 3 3
-3994.4 8977.2 -607.6 330 0 4.7 4.0 7.5 2.5 2 0 3 1 1
-4976.6 8152.1 -599.2 134 0 13.1 24.6 10.0 2.5 2 1 4 3 3
-4904.8 8300.3 -599.7 44 0 21.7 27.5 7.5 2.5 2 1 3 0 0
-4897.0 8189.3 -597.9 223 0 15.9 15.6 7.5 2.5 2 0 3 0 0
-4882.3 8114.0 -597.2 44 0 16.0 19.8 10.0 2.5 2 1 4 1 1
-4948.5 8125.0 -598.5 133 0 19.0 24.5 7.5 2.5 2 1 3 4 4
-4990.9 8166.0 -599.8 134 0 14.7 28.1 10.0 2.5 2 1 4 5 5
-5009.2 8183.5 -600.4 134 0 18.9 24.6 10.0 2.5 2 1 4 2 2
-5023.8 8217.7 -600.9 224 0 28.2 14.8 10.0 2.5 2 0 4 4 4
-4999.5 8242.8 -600.6 223 0 3.9 4.0 7.5 2.5 2 1 3 3 3
-4966.1 8266.2 -600.4 314 0 15.0 28.3 10.0 2.5 2 1 4 0 0
-4928.5 8229.9 -599.3 314 0 14.7 28.3 7.5 2.5 2 1 3 4 4
-5573.4 8043.2 -600.6 227 0 3.5 5.8 7.5 2.5 2 1 3 2 2
-5032.8 7157.3 -585.3 88 0 8.6 13.2 5.0 2.5 2 1 2 5 5
-5037.6 7175.1 -585.4 178 0 4.1 5.3 7.5 2.5 4 1 3 4 4
-4984.2 7173.7 -585.4 89 0 18.3 18.6 10.0 0.0 0 1 4 2 2
-4654.5 6782.6 -576.5 270 0 10.4 7.9 7.5 2.5 2 0 3 4 4
-4686.5 6556.8 -575.2 308 0 10.6 15.1 5.0 2.5 2 1 2 2 2
-4709.8 6541.4 -574.4 218 0 13.3 11.7 5.0 2.5 2 0 2 4 4
-4720.1 6525.9 -573.3 219 0 10.0 9.5 5.0 0.0 0 0 2 0 0
-4740.7 6505.3 -572.4 222 0 17.5 11.6 5.0 2.5 4 0 2 0 0
-4749.8 6493.5 -571.4 224 0 9.9 12.6 7.5 2.5 2 1 3 1 1
-4782.7 6462.9 -569.4 229 0 9.0 12.7 5.0 2.5 2 1 2 2 2
-4803.7 6448.0 -568.9 232 0 13.8 11.9 5.0 2.5 4 0 2 3 3
-4816.5 6435.3 -568.2 232 0 10.0 12.6 5.0 2.5 2 1 2 1 1
-4858.6 6376.4 -565.8 188 0 9.9 11.9 5.0 2.5 2 1 2 2 2
-4861.8 6348.6 -565.1 172 0 14.3 12.6 5.0 2.5 2 0 2 5 5
-4856.4 6326.3 -564.2 177 0 13.2 15.9 5.0 2.5 2 1 2 5 5
-4855.8 6302.2 -563.3 180 0 13.6 14.2 5.0 2.5 4 1 2 4 4
-4857.8 6281.0 -562.4 189 0 10.6 11.6 5.0 2.5 2 1 2 4 4
-4861.1 6264.2 -561.6 201 0 13.1 16.7 5.0 2.5 2 1 2 4 4
-4873.5 6241.9 -560.8 224 0 13.0 15.2 5.0 2.5 4 1 2 3 3
-4891.8 6225.0 -560.1 226 0 13.6 12.0 5.0 2.5 2 0 2 3 3
-4904.9 6206.7 -559.2 204 0 9.9 12.6 5.0 2.5 4 1 2 4 4
-4913.1 6184.7 -558.3 192 0 9.9 9.8 5.0 2.5 2 0 2 1 1
-4913.6 6129.1 -556.8 91 0 11.9 17.1 5.0 2.5 2 1 2 2 2
-4702.2 5865.5 -552.3 29 0 39.4 15.8 12.5 2.5 2 0 5 0 0
-4670.7 5895.5 -552.8 64 0 39.6 15.9 12.5 2.5 2 0 5 5 5
-4663.7 5827.0 -545.9 107 0 39.6 15.7 12.5 2.5 2 0 5 4 4
-4697.2 5809.2 -546.2 198 0 8.4 39.7 7.5 0.0 0 1 3 5 5
-4621.1 5813.2 -541.9 108 0 39.8 16.0 12.5 2.5 2 0 5 1 1
-4240.2 5800.9 -537.7 343 0 9.3 39.3 7.5 2.5 2 1 3 5 5
-4255.9 5760.8 -531.1 348 0 15.7 39.5 10.0 2.5 2 1 4 1 1
-4378.8 5785.2 -531.3 102 0 39.3 15.3 10.0 2.5 2 0 4 1 1
-4394.6 5748.5 -525.5 103 0 36.0 15.6 10.0 2.5 2 0 4 3 3
-4495.9 5807.6 -534.8 90 0 39.5 15.6 10.0 2.5 2 0 4 4 4
-4540.6 5805.5 -536.5 87 0 39.4 15.6 15.0 0.0 0 0 6 5 5
-4538.3 5890.0 -545.2 264 0 39.7 15.5 12.5 2.5 2 0 5 2 2
-4493.6 5894.1 -543.5 265 0 39.4 15.4 12.5 2.5 2 0 5 0 0
-4481.9 5918.5 -545.9 88 0 39.7 15.7 17.5 0.0 0 0 7 5 5
-4437.8 5916.1 -543.9 101 0 39.6 15.9 10.0 2.5 2 0 4 5 5
-4396.1 5902.5 -542.1 113 0 39.4 15.6 7.5 2.5 2 0 3 2 2
-4378.2 5868.9 -540.3 291 0 39.8 15.5 10.0 2.5 2 0 4 5 5
-4243.0 5866.4 -546.1 346 0 15.8 39.7 12.5 2.5 2 1 5 1 1
-4261.4 5956.4 -546.6 353 0 15.8 39.5 10.0 2.5 2 1 4 5 5
-4262.0 5988.8 -547.0 354 0 9.3 39.4 7.5 2.5 2 1 3 4 4
-4398.4 5974.1 -547.6 308 0 39.3 16.0 12.5 2.5 2 0 5 3 3
-4341.1 6059.4 -553.5 226 0 40.0 15.8 10.0 2.5 2 0 4 5 5
-4261.2 6114.7 -553.6 333 0 15.7 39.7 10.0 2.5 2 1 4 3 3
-4406.3 6065.5 -554.5 250 0 36.2 15.8 10.0 2.5 2 0 4 1 1
-4447.4 6010.0 -550.4 252 0 39.1 15.3 15.0 0.0 0 0 6 3 3
-4490.2 5996.9 -551.0 255 0 39.7 15.6 10.0 0.0 0 0 4 2 2
-4631.2 5973.7 -555.9 256 0 39.6 15.4 10.0 2.5 2 0 4 3 3
-4706.1 5980.3 -557.2 77 0 39.7 15.7 15.0 0.0 0 0 6 4 4
-4743.1 5923.8 -554.0 201 0 39.8 15.4 10.0 2.5 2 0 4 2 2
-4777.9 5921.3 -552.0 268 0 8.9 39.3 7.5 0.0 0 1 3 2 2
-4777.8 5849.7 -552.1 152 0 35.7 15.8 7.5 2.5 2 0 3 3 3
-4716.7 5814.0 -551.2 23 0 15.7 39.6 10.0 2.5 2 1 4 4 4
-4689.0 6176.2 -564.0 345 0 11.1 12.5 5.0 2.5 2 1 2 5 5
-4697.8 6199.3 -564.4 345 0 17.3 11.8 5.0 2.5 2 0 2 1 1
-4693.7 6310.3 -567.7 338 0 7.0 11.7 5.0 2.5 2 1 2 2 2
-4653.1 6275.7 -568.3 14 0 17.5 12.3 5.0 2.5 2 0 2 5 5
-5382.2 6622.2 -574.6 90 0 12.1 11.2 5.0 2.5 2 0 2 0 0
-5292.1 6575.1 -572.6 0 0 9.5 42.8 5.0 2.5 2 1 2 2 2
-5315.0 6552.7 -571.9 90 0 39.7 9.4 7.5 2.5 2 0 3 3 3
-5363.1 6628.2 -574.5 180 0 9.5 39.8 5.0 2.5 2 1 2 2 2
-5330.6 6648.2 -575.3 0 0 14.0 24.5 10.0 0.0 0 1 4 0 0
-5376.5 6611.3 -573.9 180 0 7.9 33.5 7.5 2.5 2 1 3 5 5
-5380.4 6592.9 -573.3 180 0 9.5 39.8 7.5 2.5 2 1 3 0 0
-5380.6 6575.2 -572.6 180 0 9.5 42.7 7.5 2.5 2 1 3 0 0
-5359.3 6552.8 -572.1 90 0 42.6 9.3 7.5 2.5 2 0 3 5 5
-5370.3 6641.3 -575.3 90 0 24.4 14.1 7.5 2.5 4 0 3 1 1
-5382.5 6668.3 -576.0 180 0 9.5 45.9 7.5 2.5 2 1 3 0 0
-5382.6 6685.9 -576.6 180 0 9.5 39.8 7.5 2.5 2 1 3 1 1
-5382.6 6703.6 -577.3 180 0 9.6 33.8 7.5 2.5 2 1 3 4 4
-5382.6 6721.3 -577.9 180 0 9.5 33.5 7.5 2.5 2 1 3 0 0
-5382.6 6739.0 -578.2 180 0 9.4 36.6 7.5 2.5 2 1 3 0 0
-5384.6 6792.2 -579.3 180 0 9.6 30.8 7.5 2.5 2 1 3 5 5
-5384.4 6809.8 -579.6 180 0 9.7 30.6 7.5 0.0 0 1 3 2 2
-5323.5 6809.9 -579.6 360 0 9.7 27.4 7.5 0.0 0 1 3 4 4
-5323.3 6792.2 -579.2 360 0 9.9 27.6 7.5 2.5 2 1 3 3 3
-5324.6 6774.9 -578.9 0 0 7.8 27.7 7.5 2.5 2 1 3 0 0
-5370.4 6846.0 -580.3 270 0 34.0 15.8 10.0 2.5 2 0 4 3 3
-5244.5 6833.3 -580.2 4 0 26.4 16.0 10.0 2.5 2 0 4 5 5
-5242.6 6799.3 -579.5 360 0 23.8 13.9 7.5 2.5 2 0 3 4 4
-5242.9 6737.5 -578.2 0 0 23.2 13.8 10.0 2.5 2 0 4 5 5
-5243.9 6699.6 -577.5 0 0 14.4 17.7 10.0 0.0 0 1 4 1 1
-5242.9 6673.5 -576.4 1 0 18.3 19.8 10.0 0.0 0 1 4 3 3
-5084.5 7029.1 -583.2 23 0 23.8 14.1 10.0 2.5 2 0 4 3 3
-5139.6 6975.8 -582.3 180 0 23.8 14.1 7.5 2.5 2 0 3 4 4
-4696.5 6288.4 -567.2 18 0 17.6 13.9 5.0 2.5 2 0 2 5 5
-4705.6 6241.5 -565.5 357 0 13.5 11.4 5.0 2.5 2 0 2 5 5
-4700.0 6216.4 -564.8 347 0 10.5 16.5 7.5 2.5 2 1 3 4 4
-4696.1 6133.7 -562.7 43 0 18.0 14.4 5.0 2.5 2 0 2 5 5
-4765.5 6128.8 -560.7 123 0 12.8 15.6 5.0 2.5 2 1 2 0 0
-4778.8 6175.0 -561.5 178 0 13.5 15.3 5.0 2.5 2 1 2 3 3
-4781.5 6198.4 -562.0 172 0 11.6 12.8 5.0 2.5 2 1 2 0 0
-4791.1 6220.7 -562.5 146 0 9.3 16.4 5.0 2.5 2 1 2 4 4
-4805.6 6235.2 -562.3 124 0 13.2 13.8 5.0 2.5 4 1 2 1 1
-4815.8 6269.8 -563.1 176 0 12.8 15.2 5.0 2.5 2 1 2 5 5
-4790.5 6299.7 -564.2 270 0 11.9 17.1 5.0 2.5 2 1 2 0 0
-4773.6 6304.1 -565.2 250 0 17.2 12.0 5.0 2.5 2 0 2 5 5
-4732.5 6332.7 -567.3 241 0 11.5 12.0 5.0 0.0 0 1 2 3 3
-1517.3 7187.8 -585.8 175 0 15.4 8.8 5.0 2.5 2 0 2 5 5
-1559.1 7131.3 -585.1 58 0 8.9 15.5 7.5 2.5 2 1 3 4 4
-1553.2 7168.2 -585.4 325 0 8.0 8.9 5.0 2.5 2 1 2 5 5
-1560.0 7178.3 -585.6 324 0 8.1 8.7 7.5 2.5 2 1 3 2 2
-1572.2 7153.7 -585.2 328 0 7.8 8.9 2.5 2.5 2 1 1 1 1
-1577.0 7167.9 -585.1 329 0 7.8 8.5 2.5 2.5 2 1 1 5 5
-1572.9 7189.1 -585.6 237 0 8.8 7.8 7.5 2.5 4 0 3 5 5
-1583.5 7192.6 -584.1 333 0 8.8 15.0 5.0 2.5 2 1 2 4 4
-1590.9 7138.5 -583.7 16 0 8.6 15.2 5.0 2.5 2 1 2 5 5
-1585.5 7175.6 -584.9 333 0 8.7 15.4 5.0 2.5 2 1 2 4 4
-1608.1 7169.8 -584.6 245 0 8.9 7.3 2.5 0.0 0 0 1 0 0
-1616.9 7145.9 -583.0 197 0 8.6 7.9 7.5 2.5 2 0 3 4 4
-1628.6 7175.0 -584.3 244 0 7.8 7.5 5.0 2.5 2 0 2 3 3
-1617.2 7180.5 -584.3 244 0 7.8 7.7 7.5 0.0 0 0 3 1 1
-1647.3 7151.1 -583.6 154 0 8.8 16.0 5.0 2.5 4 1 2 5 5
-1660.2 7180.4 -583.4 244 0 16.0 15.3 5.0 2.5 2 0 2 4 4
-1641.0 7128.6 -581.5 204 0 8.7 15.4 7.5 2.5 2 1 3 1 1
-1630.2 7084.6 -580.4 106 0 7.6 7.6 7.5 2.5 2 1 3 1 1
-1615.3 7125.1 -582.2 198 0 8.5 8.1 7.5 2.5 2 0 3 0 0
-1580.2 7065.0 -583.7 34 0 8.1 8.7 7.5 2.5 2 1 3 2 2
-1579.7 7114.4 -584.3 19 0 8.9 8.1 2.5 2.5 2 0 1 1 1
-1559.0 7107.8 -584.7 19 0 9.0 8.1 2.5 0.0 0 0 1 4 4
-1603.4 7017.5 -581.3 24 0 8.0 8.8 5.0 2.5 2 1 2 2 2
-1628.2 6975.9 -579.0 28 0 15.3 8.7 5.0 2.5 2 0 2 0 0
-1634.3 7286.3 -576.4 231 0 14.5 6.3 7.5 2.5 4 0 3 3 3
-2985.3 8452.4 -595.2 180 0 7.4 8.7 2.5 2.5 2 1 1 3 3
-6789.8 7109.3 -592.4 333 0 25.2 13.0 10.0 2.5 2 0 4 3 3
-6764.0 7044.9 -591.6 64 0 19.5 22.9 10.0 0.0 0 1 4 1 1
-5224.4 8009.9 -599.4 227 0 10.8 4.8 5.0 2.5 2 0 2 2 2
-3586.0 8327.0 -606.1 164 0 7.3 18.4 7.5 2.5 2 1 3 0 0
-3361.0 6848.8 -562.2 83 0 20.3 12.4 10.0 2.5 2 0 4 2 2
-5215.5 6711.8 -577.6 180 0 21.6 15.1 10.0 2.5 2 0 4 5 5
-5170.5 6667.6 -576.4 90 0 14.3 21.3 7.5 2.5 2 1 3 1 1
1164.4 9987.3 -598.7 227 0 47.0 24.7 7.5 0.0 0 0 3 4 4
1060.0 8863.5 -583.5 183 0 12.5 26.5 12.5 0.0 0 1 5 0 0
1029.0 9457.5 -591.6 157 0 20.8 122.4 12.5 0.0 0 1 5 2 2
-5209.4 6668.3 -576.6 91 0 11.7 26.1 7.5 0.0 0 1 3 2 2
-5166.7 6711.6 -577.6 0 0 23.1 13.7 10.0 2.5 2 0 4 3 3
-5166.5 6742.4 -578.3 0 0 23.8 13.6 7.5 2.5 2 0 3 2 2
-5216.3 6742.4 -578.3 180 0 23.3 14.4 7.5 0.0 0 0 3 2 2
-5216.3 6783.1 -579.2 180 0 23.1 20.1 10.0 0.0 0 0 4 1 1
-5166.9 6788.8 -579.1 1 0 21.7 14.8 10.0 2.5 2 0 4 0 0
-5215.4 6816.8 -579.7 180 0 21.8 15.0 5.0 2.5 2 0 2 5 5
-5166.5 6818.2 -579.6 0 0 23.6 13.5 10.0 2.5 2 0 4 5 5
-5166.9 6848.1 -580.1 360 0 21.4 13.2 12.5 2.5 2 0 5 4 4
-5174.3 6886.2 -580.7 270 0 15.0 21.3 10.0 2.5 2 1 4 3 3
-5212.3 6886.9 -580.8 270 0 15.0 21.8 5.0 2.5 2 1 2 1 1
-5171.5 6909.8 -581.5 90 0 14.1 23.7 12.5 2.5 2 1 5 2 2
-5166.8 6952.2 -582.1 0 0 21.6 15.3 7.5 0.0 0 0 3 5 5
-5166.2 6983.1 -582.6 0 0 23.6 13.8 10.0 2.5 2 0 4 4 4
-5166.6 7013.8 -583.2 360 0 21.4 15.2 5.0 2.5 4 0 2 0 0
-5211.4 7046.0 -583.9 203 0 21.6 14.6 7.5 2.5 2 0 3 3 3
-5215.4 6981.0 -582.7 180 0 21.3 15.3 12.5 2.5 4 0 5 4 4
-5212.2 6908.9 -581.6 90 0 8.9 20.9 7.5 2.5 4 1 3 3 3
-5191.5 7070.8 -584.2 225 0 21.6 14.6 7.5 2.5 2 0 3 0 0
-5175.9 7126.1 -585.3 45 0 21.1 15.0 10.0 2.5 2 0 4 2 2
-5156.2 7145.6 -585.6 45 0 21.2 14.8 10.0 2.5 2 0 4 0 0
-5136.5 7165.2 -585.9 45 0 21.5 14.6 7.5 2.5 2 0 3 4 4
-5089.2 7204.4 -586.3 66 0 23.9 14.1 10.0 2.5 2 0 4 3 3
-5068.7 7160.3 -585.5 4 0 26.1 16.0 12.5 2.5 2 0 5 2 2
-5066.8 7126.9 -584.8 0 0 23.4 13.9 12.5 2.5 4 0 5 2 2
-5074.3 7055.9 -583.6 22 0 21.6 14.9 12.5 2.5 2 0 5 2 2
-5090.5 6976.1 -582.2 0 0 21.0 14.9 10.0 2.5 2 0 4 0 0
-5093.7 6908.3 -581.1 90 0 14.6 20.7 10.0 2.5 2 1 4 0 0
-5139.7 7056.9 -583.8 170 0 21.0 14.5 5.0 2.5 2 0 2 2 2
-5138.8 7031.2 -583.3 180 0 21.8 15.3 10.0 2.5 2 0 4 5 5
-5138.7 7004.4 -582.8 180 0 21.5 14.8 10.0 2.5 2 0 4 1 1
-5139.0 6945.7 -581.8 181 0 21.7 15.2 7.5 2.5 2 0 3 3 3
-5135.5 6908.3 -581.3 90 0 8.3 21.6 7.5 2.5 2 1 3 2 2
-5089.6 6880.6 -580.4 360 0 14.9 21.6 7.5 2.5 2 1 3 0 0
-5090.0 6836.3 -579.8 0 0 19.8 19.9 10.0 0.0 0 1 4 0 0
-5090.5 6718.3 -577.7 0 0 23.6 13.6 7.5 2.5 2 0 3 3 3
-5090.0 6749.0 -578.3 0 0 23.9 14.0 10.0 2.5 2 0 4 3 3
-5136.2 6702.5 -577.7 90 0 8.6 21.5 7.5 2.5 2 1 3 1 1
-5139.9 6740.7 -578.2 180 0 22.8 19.7 10.0 0.0 0 0 4 0 0
-5139.1 6782.9 -578.9 180 0 21.4 14.6 10.0 2.5 2 0 4 4 4
-5138.9 6842.2 -579.9 180 0 21.5 14.8 7.5 2.5 2 0 3 4 4
-5062.5 6736.4 -578.0 180 0 20.4 14.8 7.5 2.5 2 0 3 1 1
-5062.5 6763.1 -578.4 180 0 20.1 14.8 7.5 2.5 2 0 3 3 3
-5062.4 6790.0 -578.9 180 0 20.1 14.8 7.5 2.5 2 0 3 0 0
-5062.4 6816.9 -579.4 180 0 20.2 14.7 7.5 2.5 2 0 3 3 3
-5062.2 6843.8 -579.8 180 0 20.1 14.8 7.5 2.5 2 0 3 0 0
-5063.5 6880.6 -580.3 180 0 9.2 20.9 7.5 2.5 2 1 3 1 1
-5023.3 6883.2 -580.3 270 0 18.4 15.0 7.5 0.0 0 0 3 5 5
-4965.8 6883.1 -580.2 270 0 20.7 15.0 7.5 2.5 2 0 3 2 2
-4938.5 6883.1 -580.2 270 0 20.7 14.9 7.5 2.5 4 0 3 1 1
-4876.0 6882.7 -580.1 270 0 21.0 14.7 7.5 2.5 2 0 3 3 3
-4797.8 6907.0 -578.2 180 0 23.2 14.3 7.5 2.5 2 0 3 3 3
-4796.9 6935.8 -578.4 180 0 20.2 14.9 7.5 2.5 2 0 3 2 2
-4796.7 6962.6 -578.6 180 0 20.1 14.8 10.0 2.5 2 0 4 2 2
-4797.5 6991.4 -578.8 180 0 23.5 14.2 7.5 2.5 2 0 3 2 2
-4796.8 7020.0 -579.0 179 0 20.1 14.9 7.5 2.5 2 0 3 3 3
-4789.3 7057.1 -579.2 270 0 14.8 20.1 7.5 2.5 2 1 3 1 1
-4825.1 6957.1 -579.8 1 0 14.3 23.6 12.5 2.5 2 1 5 4 4
-4838.1 6910.3 -579.5 90 0 23.5 14.1 7.5 2.5 2 0 3 2 2
-4872.5 6991.4 -581.1 94 0 26.2 16.0 10.0 2.5 2 0 4 0 0
-4871.9 6911.0 -580.4 90 0 20.6 14.8 7.5 0.0 0 0 3 3 3
-4902.2 6990.5 -581.8 90 0 20.1 14.9 7.5 2.5 2 0 3 5 5
-5065.1 6918.9 -581.1 180 0 14.9 20.5 10.0 2.5 2 1 4 3 3
-5064.6 6958.1 -581.7 180 0 10.6 24.1 15.0 0.0 0 1 6 1 1
-5027.9 6911.2 -581.0 89 0 20.9 15.0 7.5 2.5 2 0 3 1 1
-5024.1 6962.3 -581.7 270 0 20.5 14.9 10.0 2.5 2 0 4 2 2
-4999.1 6910.4 -581.0 91 0 23.7 14.0 7.5 2.5 2 0 3 5 5
-4970.9 6911.0 -581.0 91 0 20.8 15.0 10.0 2.5 2 0 4 3 3
-4940.6 6912.0 -581.0 94 0 25.9 16.3 15.0 0.0 0 0 6 0 0
-4939.9 6962.4 -581.6 270 0 20.9 14.9 10.0 2.5 2 0 4 2 2
-4966.7 6962.5 -581.6 271 0 20.3 15.0 7.5 0.0 0 0 3 5 5
-4995.4 6963.2 -581.7 270 0 23.9 13.7 7.5 2.5 2 0 3 1 1
-5018.0 6990.5 -582.4 91 0 20.8 15.1 10.0 2.5 2 0 4 0 0
-4987.3 6989.7 -582.3 90 0 23.8 14.0 7.5 2.5 2 0 3 1 1
-4950.8 7041.6 -583.0 270 0 20.7 14.6 10.0 2.5 2 0 4 2 2
-4979.6 7042.0 -583.0 270 0 20.5 15.0 7.5 2.5 2 0 3 0 0
-5010.5 7042.8 -583.0 270 0 23.8 13.8 10.0 0.0 0 0 4 1 1
-5041.2 7042.1 -583.1 270 0 20.5 15.0 10.0 2.5 2 0 4 3 3
-5039.1 7111.7 -584.4 180 0 20.6 14.7 7.5 0.0 0 0 3 3 3
-5041.8 7077.5 -583.8 180 0 15.1 20.5 10.0 2.5 4 1 4 5 5
-5003.1 7069.2 -583.7 90 0 23.5 13.7 7.5 2.5 2 0 3 2 2
-4974.4 7069.9 -583.7 90 0 20.7 14.9 7.5 2.5 2 0 3 0 0
-4932.8 7079.1 -583.6 354 0 14.4 24.7 7.5 2.5 2 1 3 1 1
-4932.5 7110.0 -583.6 0 0 24.1 14.1 12.5 2.5 2 0 5 5 5
-4704.8 7184.7 -581.4 270 0 13.4 20.2 7.5 2.5 2 1 3 1 1
-4697.8 7147.7 -580.4 1 0 20.3 15.3 7.5 2.5 4 0 3 3 3
-4698.4 7120.7 -579.5 0 0 20.0 14.9 7.5 2.5 4 0 3 5 5
-4706.2 7083.6 -578.5 91 0 14.8 20.0 10.0 2.5 2 1 4 2 2
-4735.8 7084.7 -578.7 90 0 20.3 14.7 10.0 2.5 2 0 4 0 0
-4735.6 7183.1 -581.7 270 0 20.2 15.1 7.5 2.5 2 0 3 3 3
-4806.6 7084.6 -580.1 90 0 20.1 15.0 10.0 2.5 2 0 4 3 3
-4865.2 7069.7 -581.5 90 0 20.0 14.8 7.5 2.5 2 0 3 4 4
-4904.8 7110.9 -582.5 180 0 20.1 14.6 7.5 2.5 2 0 3 3 3
-4905.7 7183.0 -583.3 271 0 20.0 14.6 10.0 2.5 2 0 4 5 5
-4916.8 7219.2 -584.9 180 0 14.5 20.2 7.5 2.5 2 1 3 5 5
-4877.8 7210.8 -584.5 91 0 23.8 13.8 12.5 2.5 2 0 5 1 1
-4849.3 7211.8 -584.3 90 0 20.4 14.9 7.5 2.5 2 0 3 2 2
-4820.3 7211.2 -583.9 90 0 23.9 13.4 7.5 0.0 0 0 3 3 3
-4816.1 7183.0 -582.4 270 0 20.2 14.7 10.0 2.5 2 0 4 4 4
-4789.4 7182.6 -582.2 270 0 20.3 14.4 10.0 2.5 2 0 4 5 5
-4791.9 7211.8 -583.8 90 0 20.2 14.8 10.0 2.5 2 0 4 5 5
-4762.6 7183.0 -581.9 270 0 20.0 14.7 7.5 2.5 2 0 3 3 3
-4763.2 7210.6 -583.4 90 0 24.0 14.0 10.0 2.5 2 0 4 1 1
-4734.3 7211.5 -583.2 89 0 20.3 14.5 7.5 0.0 0 0 3 0 0
-4707.4 7211.6 -583.0 90 0 20.4 14.6 7.5 2.5 2 0 3 0 0
-4669.8 7181.9 -581.3 180 0 20.0 14.7 10.0 2.5 2 0 4 0 0
-4669.8 7124.4 -579.2 180 0 20.1 14.6 7.5 0.0 0 0 3 1 1
-4665.7 7083.9 -578.2 90 0 10.3 23.4 7.5 2.5 2 1 3 1 1
-4503.5 7695.8 -584.5 23 0 15.4 22.9 10.0 0.0 0 1 4 2 2
-4516.7 7597.3 -587.3 15 0 17.8 20.8 7.5 0.0 0 1 3 4 4
-4431.4 7809.5 -582.7 320 0 16.4 30.7 12.5 0.0 0 1 5 0 0
-4475.1 7569.9 -588.2 186 0 10.1 21.1 7.5 0.0 0 1 3 5 5
-4411.9 7538.7 -588.6 65 0 14.7 15.2 10.0 2.5 2 1 4 1 1
-4386.2 7565.7 -588.0 29 0 14.6 15.4 7.5 0.0 0 1 3 0 0
-4448.4 7502.3 -589.8 271 0 12.6 16.2 2.5 0.0 0 1 1 5 5
-5428.4 9567.7 -609.6 34 0 12.4 14.3 5.0 2.5 2 1 2 2 2
-4871.8 6176.7 -558.3 197 0 11.3 12.1 5.0 2.5 4 1 2 3 3
-4849.8 6200.1 -559.3 234 0 12.3 11.3 7.5 0.0 0 0 3 4 4
-4809.0 6170.4 -559.9 356 0 11.0 16.8 10.0 0.0 0 1 4 5 5
-4821.1 6136.5 -558.9 163 0 11.5 15.0 5.0 2.5 2 1 2 0 0
-4808.1 6113.4 -558.6 147 0 11.9 12.0 5.0 2.5 2 1 2 3 3
-4791.1 6094.7 -558.7 128 0 10.0 12.0 5.0 2.5 2 1 2 3 3
-4768.5 6078.5 -558.8 112 0 12.3 11.5 5.0 2.5 2 0 2 2 2
-4674.6 6093.2 -561.8 44 0 14.7 11.9 7.5 2.5 2 0 3 2 2
-4660.4 6104.6 -563.0 36 0 12.3 12.6 5.0 0.0 0 1 2 3 3
-4656.5 6226.5 -566.7 349 0 13.0 11.8 5.0 2.5 2 0 2 0 0
-4657.1 6246.4 -567.1 7 0 11.8 14.2 5.0 2.5 2 1 2 3 3
-4649.5 6324.9 -569.7 340 0 16.7 14.5 5.0 0.0 0 0 2 1 1
-4658.4 6342.2 -569.9 344 0 13.1 14.4 5.0 2.5 2 1 2 4 4
-4658.1 6362.7 -571.0 49 0 10.6 13.3 7.5 2.5 2 1 3 1 1
-4626.8 6405.9 -573.0 354 0 10.3 10.5 5.0 0.0 0 1 2 5 5
-4665.7 6443.1 -572.6 255 0 9.9 11.9 5.0 2.5 2 1 2 4 4
-4686.2 6412.2 -571.5 30 0 10.3 16.0 10.0 0.0 0 1 4 1 1
-4688.7 6391.1 -570.5 30 0 14.1 14.0 5.0 0.0 0 0 2 1 1
-4719.8 6366.6 -569.2 96 0 12.5 13.4 5.0 2.5 2 1 2 2 2
-4761.2 6355.2 -567.2 55 0 8.4 11.4 5.0 2.5 2 1 2 0 0
-4775.9 6339.8 -566.2 50 0 11.5 12.2 5.0 2.5 2 1 2 2 2
-4801.0 6331.1 -565.3 74 0 13.2 15.6 5.0 2.5 2 1 2 5 5
-4638.4 6538.5 -575.6 35 0 13.5 12.7 2.5 2.5 2 0 1 1 1
-4650.7 6523.4 -575.5 38 0 10.6 12.9 2.5 2.5 2 1 1 5 5
-4666.8 6504.9 -574.8 37 0 9.3 12.5 5.0 2.5 2 1 2 3 3
-4701.2 6484.2 -572.9 221 0 11.2 12.8 5.0 2.5 2 1 2 1 1
-4730.1 6453.5 -570.8 229 0 7.9 11.8 5.0 2.5 2 1 2 3 3
-4745.9 6436.6 -569.9 227 0 9.6 12.3 5.0 2.5 4 1 2 5 5
-4763.7 6425.1 -568.9 231 0 7.5 11.1 5.0 2.5 2 1 2 0 0
-4798.2 6396.4 -566.9 232 0 11.5 11.2 5.0 2.5 2 0 2 5 5
-4812.0 6376.7 -566.0 191 0 11.8 8.8 5.0 2.5 2 0 2 5 5
-6114.0 3335.2 -352.5 254 0 19.3 13.0 12.5 2.5 2 0 5 4 4
-6138.5 3329.0 -353.0 261 0 14.0 21.4 12.5 2.5 2 1 5 4 4
-6170.5 3426.9 -368.8 290 0 10.6 23.0 12.5 2.5 2 1 5 1 1
-6195.8 3439.1 -372.4 309 0 23.4 18.7 10.0 2.5 4 0 4 1 1
-6237.4 3521.3 -384.5 1 0 14.9 13.8 12.5 2.5 4 0 5 4 4
-6235.7 3561.3 -385.0 302 0 13.8 21.6 7.5 2.5 2 1 3 5 5
-6247.5 3583.2 -389.0 24 0 21.2 18.4 12.5 2.5 2 0 5 5 5
-6130.2 3571.0 -382.5 227 0 14.8 17.0 7.5 2.5 2 1 3 1 1
-6349.5 3029.8 -324.0 272 0 18.9 17.0 12.5 2.5 2 0 5 1 1
-6399.0 2995.7 -318.6 283 0 18.9 20.2 10.0 0.0 0 1 4 0 0
-6421.2 3020.9 -324.8 354 0 22.7 17.9 10.0 2.5 2 0 4 1 1
-6359.7 3307.0 -361.3 5 0 16.0 29.9 10.0 0.0 0 1 4 3 3
-6431.9 3368.4 -372.6 303 0 20.0 16.1 12.5 0.0 0 0 5 0 0
-6479.7 3371.3 -373.1 253 0 17.2 20.3 12.5 2.5 2 1 5 2 2
-6318.9 3370.5 -369.6 92 0 26.5 13.8 15.0 0.0 0 0 6 1 1
-6316.3 3428.3 -378.3 354 0 12.9 29.8 10.0 2.5 4 1 4 1 1
-6327.5 3469.6 -385.6 23 0 15.0 27.9 12.5 2.5 4 1 5 3 3
-6361.0 3502.5 -389.4 342 0 26.0 15.0 10.0 2.5 2 0 4 0 0
-6392.6 3392.2 -376.3 127 0 20.4 19.2 10.0 2.5 4 0 4 4 4
-6442.1 3433.2 -383.8 104 0 22.1 13.2 15.0 0.0 0 0 6 1 1
-6356.1 3529.3 -393.8 1 0 14.8 24.9 10.0 2.5 2 1 4 0 0
-6397.1 3589.8 -400.4 14 0 13.2 16.9 12.5 0.0 0 1 5 0 0
-6424.6 3652.6 -403.6 232 0 20.0 16.1 7.5 0.0 0 0 3 3 3
-6406.2 3672.7 -404.2 217 0 23.1 15.1 7.5 2.5 2 0 3 3 3
-6349.5 3668.4 -404.0 15 0 17.7 16.4 12.5 2.5 2 0 5 4 4
-6344.6 3689.7 -405.0 63 0 13.6 25.6 12.5 2.5 2 1 5 2 2
-6477.3 3612.2 -400.7 179 0 18.5 14.2 10.0 2.5 2 0 4 5 5
-6472.6 3583.8 -398.0 168 0 20.5 14.1 12.5 0.0 0 0 5 5 5
-6427.1 3504.1 -388.8 231 0 7.6 9.9 5.0 2.5 2 1 2 1 1
-6483.5 3441.4 -385.3 89 0 11.3 18.7 10.0 2.5 2 1 4 1 1
-6536.0 3471.4 -388.1 134 0 20.8 15.7 12.5 2.5 2 0 5 2 2
-6488.6 3517.8 -390.9 355 0 20.5 15.6 10.0 0.0 0 0 4 3 3
-6561.6 3590.0 -396.9 175 0 9.8 20.6 7.5 2.5 2 1 3 3 3
-6555.9 3561.3 -394.2 258 0 20.2 16.0 10.0 2.5 2 0 4 0 0
-6575.8 3585.9 -396.5 348 0 16.7 20.8 12.5 2.5 4 1 5 4 4
-6612.0 3584.8 -396.3 268 0 18.5 15.2 7.5 2.5 2 0 3 3 3
-6619.8 3522.7 -392.6 90 0 20.2 15.7 10.0 2.5 2 0 4 5 5
-6597.6 3515.1 -391.8 107 0 11.6 15.5 10.0 2.5 2 1 4 0 0
-6501.5 3291.6 -365.2 81 0 22.0 22.6 12.5 2.5 2 1 5 2 2
-6596.4 3366.9 -379.0 194 0 38.7 13.1 15.0 0.0 0 0 6 0 0
-6523.0 3405.4 -382.5 12 0 11.3 27.8 15.0 0.0 0 1 6 2 2
-6560.9 3452.8 -385.6 311 0 15.6 25.0 10.0 2.5 2 1 4 2 2
-6492.3 3021.3 -324.3 245 0 21.2 16.2 10.0 2.5 2 0 4 2 2
-6531.6 2999.1 -321.5 248 0 26.9 16.5 10.0 2.5 2 0 4 2 2
-6576.4 2967.5 -317.6 90 0 12.5 6.3 7.5 2.5 2 0 3 5 5
-6631.7 2959.3 -318.5 358 0 10.0 22.8 10.0 0.0 0 1 4 3 3
-6738.5 2884.0 -317.3 75 0 11.9 33.5 10.0 2.5 2 1 4 1 1
-6839.2 2905.9 -323.2 250 0 27.2 14.4 12.5 2.5 2 0 5 2 2
-6798.2 2983.1 -326.7 180 0 12.7 18.9 10.0 2.5 2 1 4 0 0
-6789.2 3116.6 -340.2 249 0 26.7 20.1 7.5 2.5 2 0 3 1 1
-6721.3 3133.5 -334.8 257 0 22.2 12.2 12.5 2.5 2 0 5 0 0
-6880.2 2863.9 -321.9 90 0 14.4 20.6 12.5 2.5 2 1 5 0 0
-6910.9 2886.1 -323.5 180 0 18.9 15.1 12.5 2.5 2 0 5 0 0
-6881.4 3023.2 -339.5 230 0 22.2 18.9 12.5 2.5 2 0 5 5 5
-6931.3 3057.0 -346.2 172 0 15.7 27.4 12.5 2.5 2 1 5 5 5
-6615.9 3359.6 -378.6 338 0 24.4 22.0 12.5 2.5 2 0 5 2 2
-6604.0 3415.7 -383.9 149 0 14.2 25.0 15.0 0.0 0 1 6 1 1
-6669.7 3439.5 -386.4 72 0 18.3 20.1 12.5 2.5 2 1 5 2 2
-6641.9 3450.4 -386.8 77 0 24.4 14.8 12.5 2.5 2 0 5 3 3
-6608.6 3467.6 -388.1 51 0 18.2 15.6 12.5 2.5 2 0 5 2 2
-6729.3 3495.3 -389.9 252 0 22.5 12.1 10.0 2.5 2 0 4 4 4
-6739.2 3526.2 -393.0 194 0 19.7 16.5 12.5 2.5 4 0 5 0 0
-6733.5 3555.1 -395.4 166 0 15.1 18.7 10.0 0.0 0 1 4 3 3
-6678.8 3564.6 -395.9 169 0 15.6 20.5 10.0 2.5 2 1 4 1 1
-6638.7 3579.5 -396.1 257 0 18.6 15.8 10.0 2.5 2 0 4 2 2
-6429.6 3723.5 -406.0 2 0 23.8 17.0 5.0 2.5 2 0 2 3 3
-6443.3 3753.7 -406.8 343 0 19.1 17.0 7.5 2.5 4 0 3 2 2
-6456.7 3786.3 -408.5 309 0 15.9 23.7 10.0 2.5 2 1 4 2 2
-6482.8 3803.9 -411.0 247 0 22.3 15.5 10.0 2.5 2 0 4 2 2
-6435.2 3691.1 -405.1 28 0 20.6 14.2 10.0 2.5 2 0 4 0 0
-6500.7 3665.4 -404.4 178 0 15.8 21.3 5.0 2.5 2 1 2 0 0
-6509.8 3594.3 -397.8 346 0 17.5 15.7 12.5 2.5 2 0 5 5 5
-6512.6 3686.3 -405.2 160 0 19.9 15.9 10.0 2.5 2 0 4 0 0
-6522.1 3711.9 -406.0 165 0 21.0 16.1 10.0 2.5 2 0 4 5 5
-6534.1 3741.9 -407.6 155 0 21.8 16.1 12.5 0.0 0 0 5 4 4
-6539.5 3774.3 -410.6 306 0 15.0 15.8 10.0 2.5 2 1 4 1 1
-6565.4 3789.6 -412.9 300 0 17.8 15.5 10.0 2.5 2 0 4 2 2
-6600.6 3784.3 -414.8 93 0 19.1 16.5 10.0 2.5 2 0 4 2 2
-6626.2 3784.6 -415.8 90 0 21.2 17.5 10.0 2.5 2 0 4 5 5
-6653.2 3783.5 -416.5 88 0 18.9 16.5 12.5 2.5 2 0 5 2 2
-6630.6 3751.9 -410.8 270 0 20.2 12.9 7.5 2.5 2 0 3 5 5
-6565.3 3727.3 -407.9 41 0 12.3 21.0 2.5 2.5 2 1 1 4 4
-6569.2 3712.6 -406.0 220 0 9.6 20.6 7.5 2.5 2 1 3 4 4
-6543.3 3682.4 -405.2 344 0 20.8 13.5 10.0 2.5 2 0 4 4 4
-6540.2 3639.3 -403.4 71 0 18.2 15.9 10.0 2.5 2 0 4 2 2
-6571.3 3629.7 -401.6 76 0 21.0 13.3 15.0 0.0 0 0 6 1 1
-6630.3 3661.2 -404.2 144 0 18.5 15.8 10.0 2.5 2 0 4 5 5
-6644.9 3681.1 -405.7 143 0 20.9 12.2 2.5 2.5 2 0 1 2 2
-6662.2 3701.3 -407.9 140 0 19.7 15.6 10.0 2.5 2 0 4 1 1
-6665.9 3733.8 -410.7 190 0 19.3 15.2 15.0 0.0 0 0 6 4 4
-6597.2 3709.2 -406.6 0 0 15.7 17.3 7.5 2.5 2 1 3 3 3
-6690.2 3782.7 -416.6 159 0 15.4 21.9 10.0 2.5 2 1 4 0 0
-6721.9 3783.1 -418.8 41 0 18.0 16.8 10.0 2.5 2 0 4 0 0
-6697.9 3764.2 -414.5 295 0 14.0 22.7 12.5 2.5 2 1 5 1 1
-6705.6 3723.2 -411.6 0 0 18.6 15.3 10.0 2.5 2 0 4 5 5
-6694.3 3697.9 -408.1 341 0 19.1 14.7 10.0 2.5 2 0 4 5 5
-6683.4 3674.8 -405.4 326 0 19.9 13.0 12.5 2.5 4 0 5 4 4
-6650.3 3628.0 -400.5 323 0 14.6 18.8 12.5 2.5 4 1 5 0 0
-6730.7 3606.2 -401.0 104 0 23.9 13.1 10.0 2.5 2 0 4 0 0
-6763.1 3670.1 -407.4 214 0 18.7 16.0 12.5 2.5 4 0 5 4 4
-6759.8 3698.7 -410.6 174 0 18.9 15.2 10.0 2.5 2 0 4 5 5
-6765.0 3726.4 -413.7 175 0 21.8 13.2 15.0 0.0 0 0 6 1 1
-6773.1 3763.0 -417.6 177 0 19.0 16.2 15.0 0.0 0 0 6 1 1
-6784.1 3803.9 -420.7 226 0 10.4 24.4 10.0 2.5 4 1 4 5 5
-6826.0 3798.3 -419.7 270 0 14.9 15.7 15.0 0.0 0 1 6 3 3
-6864.4 3754.1 -416.4 11 0 17.9 14.9 10.0 2.5 2 0 4 0 0
-6868.0 3726.4 -413.8 0 0 16.0 18.0 12.5 2.5 2 1 5 0 0
-6871.4 3705.8 -411.6 326 0 9.5 22.4 7.5 2.5 2 1 3 4 4
-6846.6 3680.2 -409.9 203 0 19.0 15.5 12.5 2.5 2 0 5 4 4
-6835.0 3741.2 -415.3 202 0 18.9 15.6 10.0 0.0 0 0 4 2 2
-6817.9 3646.5 -407.9 119 0 18.7 15.1 10.0 2.5 2 0 4 2 2
-6795.4 3633.6 -406.2 118 0 18.7 15.7 15.0 0.0 0 0 6 5 5
-6751.9 3564.5 -397.4 10 0 20.9 15.5 12.5 2.5 2 0 5 3 3
-6758.8 3534.9 -394.7 9 0 21.7 15.8 10.0 2.5 2 0 4 1 1
-6774.1 3500.5 -391.5 1 0 15.7 19.7 12.5 2.5 4 1 5 4 4
-6798.9 3456.9 -387.7 189 0 18.7 14.8 12.5 2.5 2 0 5 5 5
-6809.7 3437.2 -385.7 246 0 22.4 12.3 10.0 2.5 2 0 4 1 1
-6831.2 3435.0 -386.1 287 0 20.0 15.4 10.0 0.0 0 0 4 0 0
-6853.8 3447.8 -388.4 298 0 20.5 12.3 10.0 0.0 0 0 4 1 1
-6809.7 3478.5 -390.9 90 0 17.3 15.2 12.5 0.0 0 0 5 1 1
-6836.9 3535.4 -395.9 244 0 18.4 14.9 10.0 2.5 2 0 4 3 3
-6858.7 3521.4 -395.3 246 0 19.9 12.7 7.5 2.5 2 0 3 4 4
-6844.5 3480.6 -391.9 144 0 15.7 18.3 12.5 2.5 2 1 5 5 5
-6768.0 3620.4 -403.8 114 0 18.1 15.0 12.5 2.5 4 0 5 2 2
-6822.0 3598.1 -403.3 32 0 20.8 11.7 7.5 2.5 2 0 3 4 4
-6836.7 3574.0 -401.2 40 0 17.3 15.1 12.5 2.5 2 0 5 2 2
-6885.9 3540.0 -398.1 80 0 17.4 16.4 12.5 2.5 2 0 5 2 2
-6914.1 3569.5 -400.4 156 0 19.9 15.9 12.5 2.5 2 0 5 3 3
-6892.9 3609.0 -403.2 225 0 18.6 15.3 10.0 2.5 2 0 4 5 5
-6874.8 3623.5 -405.1 169 0 15.8 19.2 10.0 0.0 0 1 4 5 5
-6907.1 3639.8 -407.1 84 0 12.1 20.8 5.0 2.5 2 1 2 0 0
-6931.2 3713.8 -412.5 188 0 16.1 22.6 15.0 0.0 0 1 6 3 3
-6794.4 3384.0 -382.2 75 0 19.8 13.3 12.5 2.5 2 0 5 0 0
-6824.2 3378.1 -382.1 80 0 22.0 17.5 12.5 2.5 2 0 5 3 3
-6803.6 3358.3 -379.5 220 0 20.8 17.0 12.5 2.5 2 0 5 3 3
-6902.3 3349.5 -379.7 304 0 16.8 18.4 12.5 2.5 2 1 5 4 4
-6912.4 3306.5 -377.6 46 0 10.4 15.8 12.5 0.0 0 1 5 4 4
-6868.5 3363.2 -381.6 57 0 14.0 18.3 15.0 0.0 0 1 6 0 0
-6890.2 3391.7 -385.6 135 0 19.5 20.2 12.5 2.5 2 1 5 1 1
-6919.0 3447.6 -389.0 200 0 18.4 16.0 12.5 2.5 2 0 5 4 4
-6908.6 3481.1 -391.8 178 0 8.4 20.5 7.5 2.5 2 1 3 2 2
-6937.4 3364.3 -381.8 139 0 16.2 12.8 10.0 2.5 4 0 4 5 5
-6939.9 3781.9 -418.1 199 0 13.2 19.4 12.5 2.5 2 1 5 1 1
