1753.7 -4668.3 -45.1 89 0 73.9 72.8 7.5 0.0 0 0 3 0 0
2412.2 -4922.4 -54.4 89 0 25.2 15.9 10.0 2.5 2 0 4 2 2
2616.3 -4820.5 -55.0 1 0 14.2 23.2 7.5 0.0 0 1 3 0 0
2500.0 -4079.3 -50.4 178 0 6.8 14.6 7.5 2.5 2 1 3 4 4
2500.2 -4093.0 -50.5 179 0 6.8 14.6 5.0 2.5 2 1 2 1 1
-3236.0 -6266.3 9.4 310 0 62.3 21.1 10.0 2.5 2 0 4 1 1
-3341.7 -6601.3 14.8 180 0 20.4 10.9 5.0 2.5 2 0 2 4 4
-3370.1 -6364.1 14.2 291 0 13.1 29.0 12.5 2.5 2 1 5 2 2
-3283.0 -6705.8 11.9 180 0 22.4 31.1 12.5 0.0 0 1 5 3 3
-3346.7 -6393.7 14.0 22 0 10.7 9.1 7.5 2.5 2 0 3 4 4
-3347.8 -6320.5 12.9 111 0 28.1 11.2 7.5 2.5 2 0 3 5 5
-3398.5 -6460.2 15.3 111 0 23.6 10.6 5.0 2.5 2 0 2 5 5
-3337.8 -6250.3 9.9 198 0 17.8 25.5 10.0 2.5 2 1 4 5 5
-5574.9 -9357.1 -9.5 324 0 25.0 9.4 10.5 2.5 2 0 3 5 5
-5552.6 -9330.0 -8.9 56 0 29.1 15.6 5.0 2.5 2 0 2 0 0
-5835.1 -9551.3 -7.9 144 0 27.7 10.3 7.5 2.5 2 0 3 2 2
-6141.6 -9750.6 -5.2 324 0 22.4 10.5 7.0 2.5 2 0 2 5 5
-6062.8 -9695.4 -5.6 144 0 11.1 35.4 15.0 0.0 0 1 6 3 3
-6190.4 -9882.3 -7.1 150 0 15.8 26.0 10.0 2.5 2 1 4 5 5
-6530.9 -10058.0 -2.1 53 0 22.2 32.7 7.5 0.0 0 1 3 1 1
-6567.8 -10061.8 -2.0 55 0 23.3 14.0 10.0 2.5 4 0 4 0 0
-6072.2 -9814.5 -8.0 133 0 13.6 13.8 10.5 2.5 2 1 3 1 1
-5671.4 -9435.9 -8.9 54 0 17.7 33.2 7.5 2.5 2 1 3 0 0
-5745.6 -9629.0 -11.8 133 0 21.5 44.6 12.5 0.0 0 0 5 3 3
-6414.0 -9949.4 -3.6 146 0 26.3 12.8 10.0 2.5 2 0 4 0 0
-5926.7 -9566.6 -5.8 232 0 4.2 7.1 2.5 2.5 2 1 1 3 3
-5686.8 -9599.5 -12.0 54 0 40.1 25.5 10.0 0.0 0 0 4 4 4
-5759.7 -9616.4 -10.8 130 0 16.8 19.5 10.0 2.5 2 0 4 4 4
-6319.3 -9887.5 -4.1 143 0 25.3 10.9 10.0 0.0 0 0 4 0 0
-6329.4 -9974.6 -4.1 233 0 5.7 9.9 10.5 2.5 2 1 3 2 2
-5764.3 -9464.2 -7.9 234 0 44.5 16.5 7.5 2.5 2 0 3 5 5
-6095.5 -9819.8 -7.7 330 0 18.2 9.2 7.0 2.5 2 0 2 5 5
-6482.5 -9992.5 -2.1 144 0 20.9 22.7 10.0 0.0 0 1 4 5 5
-6738.0 -10168.1 -1.5 144 0 14.3 12.0 7.0 2.5 2 0 2 5 5
-6457.2 -9959.3 -2.6 235 0 19.9 24.5 7.5 2.5 2 1 3 1 1
-6135.5 -9846.9 -7.6 240 0 42.3 12.6 5.0 0.0 0 0 2 0 0
-5743.5 -9505.0 -8.7 55 0 27.4 26.2 12.5 0.0 0 0 5 0 0
-6617.9 -10106.6 -1.4 233 0 13.3 5.4 2.5 0.0 0 0 1 5 5
-6363.0 -9922.5 -4.3 323 0 27.9 10.2 10.0 2.5 2 0 4 1 1
-5708.9 -9557.0 -11.2 145 0 43.9 13.4 12.5 2.5 2 0 5 5 5
-5795.5 -9517.2 -8.0 144 0 20.7 11.5 7.5 2.5 2 0 3 0 0
-6431.5 -9955.8 -3.1 326 0 19.9 7.7 10.5 2.5 2 0 3 1 1
-6282.9 -9872.3 -4.2 54 0 15.0 34.9 12.5 2.5 2 1 5 3 3
-5698.1 -9522.2 -11.8 234 0 31.1 55.4 10.0 0.0 0 0 4 2 2
-6599.1 -10110.7 -1.4 53 0 14.1 8.3 5.0 2.5 2 0 2 4 4
-6677.8 -10150.5 -1.0 144 0 26.8 12.2 10.0 2.5 4 0 4 4 4
-566.7 -8048.5 -40.7 112 0 130.1 185.4 10.0 0.0 0 1 4 5 5
1541.7 -7466.4 -46.5 337 0 52.9 9.2 7.5 2.5 4 0 3 2 2
1563.1 -7513.7 -46.0 355 0 15.0 30.5 10.0 2.5 2 1 4 1 1
1338.7 -7102.7 -51.2 195 0 16.2 22.1 7.5 2.5 2 1 3 2 2
1556.7 -7546.9 -45.5 23 0 38.3 9.5 7.5 2.5 2 0 3 1 1
1252.5 -7074.0 -53.5 18 0 14.2 19.4 10.5 3.5 4 1 3 5 5
-4253.5 -9984.2 -5.9 188 0 12.2 37.3 12.5 2.5 2 1 5 2 2
-49.5 -6729.3 -39.2 1 0 18.2 6.8 10.5 3.5 2 0 3 5 5
-56.6 -6806.9 -39.7 84 0 10.6 8.8 10.5 0.0 0 0 3 0 0
-108.1 -6770.1 -38.9 183 0 12.2 7.7 10.5 3.5 2 0 3 0 0
-50.0 -6784.6 -39.6 1 0 11.9 7.8 10.5 3.5 2 0 3 2 2
-107.6 -6750.9 -38.7 182 0 18.0 7.2 10.5 3.5 2 0 3 3 3
-45.2 -6668.6 -38.9 1 0 9.3 13.4 10.5 3.5 2 1 3 2 2
-48.1 -6708.6 -39.1 3 0 17.6 7.3 10.5 3.5 4 0 3 4 4
-106.4 -6729.6 -38.5 182 0 11.8 7.1 10.5 3.5 2 0 3 0 0
-73.1 -6804.9 -39.6 176 0 6.1 7.5 10.5 0.0 0 1 3 2 2
-47.3 -6687.7 -39.0 2 0 15.1 8.1 10.5 3.5 2 0 3 5 5
-50.1 -6767.7 -39.5 1 0 15.5 7.5 10.5 3.5 2 0 3 4 4
-108.7 -6787.9 -39.0 182 0 12.6 8.7 10.5 3.5 2 0 3 5 5
-104.9 -6687.7 -38.2 181 0 17.0 7.7 10.5 3.5 2 0 3 0 0
-62.6 -6752.3 -39.3 180 0 8.1 12.5 10.5 3.5 2 1 3 3 3
-90.0 -6666.6 -38.1 358 0 8.9 14.2 10.5 3.5 4 1 3 3 3
-2329.9 -7600.6 -27.5 213 0 4.7 5.3 10.5 3.5 2 1 3 4 4
-2279.4 -7676.4 -29.7 104 0 4.6 5.5 10.5 3.5 2 1 3 2 2
-2979.6 -8009.7 -27.9 340 0 7.6 9.2 7.5 2.5 2 1 3 0 0
-2276.2 -7755.8 -31.5 100 0 8.9 11.7 10.5 3.5 2 1 3 3 3
-2899.1 -7979.5 -28.5 326 0 3.6 4.3 7.5 2.5 2 1 3 4 4
-2240.0 -7587.7 -28.4 310 0 5.4 5.6 10.5 3.5 2 1 3 1 1
-2279.7 -7683.2 -29.9 284 0 4.8 5.2 10.5 3.5 4 1 3 2 2
-2464.6 -7936.6 -34.3 6 0 3.3 3.7 10.5 3.5 2 1 3 1 1
-2304.6 -7758.5 -31.2 42 0 10.2 12.0 14.0 3.5 2 1 4 2 2
-2142.2 -7585.2 -28.5 293 0 9.1 16.5 10.5 3.5 2 1 3 0 0
-2882.0 -8286.4 -33.5 292 0 3.6 3.8 5.0 0.0 0 1 2 4 4
-4060.4 -8828.3 -23.4 360 0 4.9 6.0 5.0 2.5 2 1 2 5 5
-3380.2 -8622.4 -28.3 86 0 5.7 5.7 7.5 2.5 2 0 3 5 5
-2821.3 -7993.9 -30.0 203 0 5.1 6.0 7.5 2.5 2 1 3 0 0
-2278.8 -7625.5 -28.6 162 0 8.8 8.7 10.5 3.5 4 0 3 1 1
-4080.7 -8793.7 -22.3 152 0 9.5 11.0 7.5 0.0 0 1 3 5 5
-2969.2 -8420.3 -33.4 62 0 5.0 5.4 7.5 2.5 2 1 3 4 4
510.1 -6977.3 -46.1 180 0 31.5 18.5 17.5 3.5 2 0 5 0 0
-6937.4 -9186.2 13.6 312 0 10.1 24.8 10.0 2.5 2 1 4 0 0
324.8 -6332.9 -41.1 269 0 3.1 4.0 10.5 3.5 2 1 3 0 0
249.2 -6895.9 -43.8 180 0 11.6 28.3 14.0 0.0 0 0 4 1 1
-6897.2 -10136.8 0.4 188 0 3.2 4.0 7.5 2.5 2 1 3 0 0
895.3 -5404.2 -44.4 179 0 17.4 13.9 5.0 2.5 2 0 2 3 3
-3724.6 -5598.4 17.7 313 0 26.1 6.2 5.0 2.5 2 0 2 2 2
-3702.4 -5407.0 5.5 201 0 19.4 6.2 5.0 2.5 2 0 2 3 3
-3621.4 -5569.6 9.9 256 0 19.4 7.3 2.5 2.5 2 0 1 1 1
-3601.0 -5490.9 4.6 70 0 19.2 7.0 7.5 2.5 2 0 3 1 1
-3780.5 -5510.3 15.7 328 0 25.7 6.9 7.5 2.5 2 0 3 0 0
-3689.0 -5507.0 7.4 58 0 18.8 6.4 7.5 2.5 2 0 3 4 4
-3494.0 -5475.4 1.7 49 0 15.4 6.7 7.5 2.5 2 0 3 5 5
-3711.1 -5376.6 8.2 21 0 55.2 22.6 10.0 2.5 2 0 4 5 5
-3575.7 -5620.1 11.6 235 0 22.3 6.9 5.0 2.5 2 0 2 5 5
-3715.9 -5463.5 6.4 238 0 18.8 6.6 5.0 0.0 0 0 2 3 3
-3691.9 -5501.5 6.7 58 0 14.9 38.2 12.5 2.5 2 1 5 1 1
-3764.7 -5535.9 16.3 328 0 26.9 7.3 5.0 2.5 2 0 2 2 2
-3673.3 -5563.1 11.0 293 0 19.4 6.7 7.5 2.5 2 0 3 1 1
-3734.9 -5417.2 7.1 290 0 22.9 6.9 5.0 2.5 2 0 2 3 3
-3669.9 -5619.6 14.2 282 0 25.7 7.1 7.5 2.5 2 0 3 5 5
-3687.0 -5342.2 9.0 19 0 18.8 6.1 5.0 2.5 2 0 2 2 2
-3653.3 -5494.7 5.1 103 0 51.2 22.0 10.0 2.5 2 0 4 2 2
-3650.5 -5525.5 8.1 282 0 44.6 21.9 10.0 2.5 2 0 4 0 0
-3682.8 -5387.9 4.8 202 0 24.4 22.6 10.0 2.5 2 0 4 4 4
-3497.4 -5520.9 2.1 136 0 21.9 45.5 10.0 2.5 2 1 4 2 2
-3508.3 -5487.6 2.6 48 0 15.9 7.0 2.5 2.5 2 0 1 0 0
-3742.0 -5574.1 17.2 328 0 25.4 6.5 2.5 2.5 2 0 1 4 4
-3505.3 -5535.6 5.7 309 0 19.1 7.0 5.0 2.5 2 0 2 5 5
-3710.9 -5428.0 5.1 202 0 19.5 6.5 7.5 0.0 0 0 3 0 0
-3615.2 -5537.5 7.8 340 0 19.7 7.2 7.5 2.5 2 0 3 1 1
-3639.7 -5626.5 13.7 282 0 27.7 7.1 5.0 0.0 0 0 2 1 1
-3737.4 -5501.4 11.3 328 0 54.7 23.4 12.5 2.5 2 0 5 4 4
-3672.5 -5362.6 5.7 199 0 20.8 21.7 12.5 2.5 2 0 5 0 0
-3556.2 -5602.5 10.1 219 0 23.0 6.5 5.0 2.5 2 0 2 3 3
-3674.6 -5339.5 8.2 198 0 19.6 5.9 7.5 2.5 2 0 3 0 0
-3511.4 -6421.8 16.6 200 0 15.9 18.6 7.5 0.0 0 1 3 3 3
-3408.0 -6480.5 15.5 293 0 10.8 8.7 7.5 2.5 2 0 3 2 2
-3557.3 -6395.0 17.8 110 0 24.6 30.3 12.5 0.0 0 1 5 2 2
-3620.1 -6556.3 16.9 106 0 39.4 7.2 7.5 2.5 2 0 3 2 2
-3540.1 -6499.4 16.5 200 0 18.5 11.5 2.5 2.5 2 0 1 0 0
-3449.3 -6536.1 15.3 201 0 41.3 24.9 10.0 2.5 2 0 4 4 4
-3599.7 -6521.6 17.2 287 0 18.4 15.0 7.5 2.5 2 0 3 3 3
-3505.6 -6740.3 15.0 127 0 18.3 23.9 12.5 2.5 2 1 5 0 0
-3371.6 -6615.4 15.0 2 0 33.0 11.6 12.5 0.0 0 0 5 2 2
445.6 -6612.0 -45.1 180 0 24.8 29.9 17.5 0.0 0 1 5 1 1
468.9 -6572.2 -44.7 90 0 10.3 28.0 17.5 3.5 2 1 5 2 2
492.0 -6484.4 -45.1 180 0 9.5 13.7 10.5 3.5 2 1 3 4 4
-5351.5 -7448.2 2.1 239 0 5.2 9.7 5.0 2.5 2 1 2 2 2
-6820.5 -8263.9 29.0 206 0 23.3 26.9 10.0 0.0 0 1 4 5 5
-6087.8 -8259.9 12.3 180 0 26.5 9.1 5.0 2.5 2 0 2 4 4
-6219.0 -8218.1 15.4 2 0 15.9 103.7 12.5 0.0 0 1 5 1 1
-5594.7 -8569.9 -3.4 1 0 8.2 19.0 2.5 2.5 2 1 1 3 3
-6268.9 -8243.2 13.8 270 0 100.4 15.3 12.5 2.5 2 0 5 2 2
-6152.3 -8224.4 14.3 271 0 110.2 12.6 12.5 2.5 2 0 5 4 4
-6210.6 -8251.1 13.0 179 0 8.8 112.6 7.5 2.5 2 1 3 3 3
-6153.4 -8267.3 12.5 270 0 109.7 6.0 7.5 2.5 2 0 3 1 1
-6088.1 -8223.5 14.4 181 0 15.0 9.6 2.5 2.5 2 0 1 5 5
-5604.1 -8559.6 -3.4 83 0 18.0 7.4 5.0 2.5 2 0 2 4 4
-6566.0 -8249.0 20.7 360 0 10.3 40.0 10.0 2.5 2 1 4 1 1
-6505.0 -8235.7 18.1 0 0 18.4 23.6 12.5 2.5 4 1 5 1 1
-5464.4 -7829.9 10.2 58 0 15.0 51.8 7.5 2.5 2 1 3 0 0
-5428.6 -7712.5 4.2 57 0 14.9 51.7 12.5 2.5 2 1 5 3 3
-5402.0 -7762.2 5.1 240 0 16.2 51.1 10.0 2.5 2 1 4 0 0
-5423.1 -7775.5 6.5 238 0 15.0 50.2 10.0 2.5 4 1 4 1 1
-5453.4 -7728.1 5.8 55 0 14.5 51.3 10.0 2.5 2 1 4 4 4
-5454.4 -7772.2 8.3 328 0 51.5 16.3 10.0 0.0 0 0 4 2 2
-5449.5 -7825.1 8.2 145 0 14.8 27.8 10.0 0.0 0 1 4 5 5
-5495.5 -7731.2 7.6 144 0 13.3 14.9 10.0 2.5 2 1 4 5 5
-6305.5 -7389.5 24.2 329 0 27.5 17.4 15.0 0.0 0 0 6 0 0
-6328.2 -7352.5 23.8 344 0 10.8 31.0 12.5 0.0 0 1 5 2 2
-6441.6 -7710.0 38.9 288 0 20.3 31.0 10.0 0.0 0 1 4 0 0
-6356.0 -7297.2 22.8 265 0 18.2 18.9 10.0 0.0 0 1 4 5 5
-6420.5 -7167.6 17.0 89 0 52.0 83.8 10.0 0.0 0 1 4 3 3
-6343.9 -7447.4 26.9 71 0 8.3 19.1 5.0 2.5 2 1 2 5 5
-6290.5 -7422.8 24.5 353 0 20.6 25.1 10.0 2.5 2 1 4 5 5
-6330.7 -7380.4 24.6 353 0 20.9 20.8 12.5 2.5 2 0 5 2 2
-6323.9 -7459.9 25.3 84 0 11.5 56.2 10.0 2.5 2 1 4 0 0
-5171.9 -5709.1 53.8 235 0 16.5 9.6 5.0 2.5 2 0 2 1 1
-3610.8 -196.4 26.5 85 0 12.2 9.8 5.0 2.5 2 0 2 4 4
-3652.1 -73.2 21.5 165 0 13.5 16.1 10.0 2.5 2 1 4 1 1
-4401.5 -2225.4 -2.1 179 0 11.7 19.0 17.5 0.0 0 1 5 3 3
-5650.6 -2374.6 9.4 0 0 14.5 16.6 14.0 3.5 2 1 4 3 3
-5650.4 -2403.3 9.7 0 0 13.2 15.9 14.0 3.5 2 1 4 0 0
-5472.9 -3457.5 9.9 88 0 10.0 9.8 5.0 2.5 2 0 2 1 1
-5020.7 -5558.0 57.5 55 0 11.8 8.5 2.5 2.5 2 0 1 5 5
-5064.1 -5630.4 56.6 233 0 19.8 9.1 5.0 2.5 2 0 2 2 2
-5079.6 -5641.3 56.2 234 0 7.3 10.1 7.5 2.5 2 1 3 0 0
-5099.3 -5656.4 55.7 234 0 16.3 8.8 5.0 2.5 2 0 2 0 0
-5119.8 -5670.6 55.2 234 0 17.4 9.1 5.0 2.5 2 0 2 1 1
-5273.8 -5843.1 51.4 269 0 9.0 16.9 2.5 2.5 2 1 1 4 4
-5373.5 -6046.9 46.1 270 0 13.2 12.1 5.0 2.5 2 0 2 3 3
-5371.1 -6095.6 45.6 89 0 9.3 12.6 2.5 2.5 2 1 1 5 5
-5420.1 -6275.2 37.9 270 0 7.9 17.6 7.5 2.5 2 1 3 2 2
-5438.3 -6325.8 35.5 90 0 10.7 15.3 5.0 2.5 2 1 2 3 3
-5421.2 -6326.1 36.8 89 0 10.7 15.7 10.0 2.5 2 1 4 5 5
-5476.0 -7128.0 12.3 24 0 13.1 9.5 5.0 2.5 2 0 2 0 0
-5438.8 -8448.8 -5.7 277 0 17.6 10.3 10.0 2.5 2 0 4 4 4
-5510.6 -8614.1 -5.2 182 0 8.7 17.1 7.5 2.5 4 1 3 0 0
-5565.5 -8696.9 -3.8 181 0 15.8 15.2 7.5 2.5 2 0 3 4 4
-5612.5 -8732.2 -2.5 91 0 5.7 6.6 7.5 2.5 2 1 3 1 1
-5608.7 -8754.5 -2.7 90 0 11.6 12.7 7.5 2.5 2 1 3 5 5
-5627.4 -8749.9 -2.2 91 0 14.4 9.4 5.0 2.5 2 0 2 3 3
-5645.9 -8750.7 -1.9 90 0 15.0 9.4 5.0 2.5 2 0 2 0 0
-5625.9 -8779.8 -2.5 270 0 11.4 8.8 5.0 2.5 2 0 2 4 4
-5816.0 -9086.5 -3.0 233 0 10.8 10.0 2.5 0.0 0 0 1 4 4
-5618.8 -8688.2 -2.6 269 0 15.0 8.9 5.0 2.5 2 0 2 0 0
-5638.0 -8688.6 -2.2 268 0 14.4 8.8 2.5 2.5 2 0 1 3 3
-5646.0 -8750.6 -1.9 89 0 15.0 9.1 2.5 2.5 2 0 1 5 5
-5625.8 -8779.8 -2.5 269 0 11.8 8.7 5.0 2.5 2 0 2 1 1
-5660.6 -8854.6 -2.6 74 0 15.4 9.5 5.0 2.5 2 0 2 1 1
-5678.4 -8860.4 -2.4 69 0 11.0 8.7 5.0 2.5 2 0 2 2 2
-5690.6 -8822.1 -2.0 280 0 15.2 8.7 5.0 2.5 2 0 2 2 2
-5595.9 -8913.1 -3.8 0 0 15.1 8.9 2.5 2.5 4 0 1 2 2
-5699.3 -8903.7 -2.6 240 0 14.7 9.2 2.5 2.5 2 0 1 3 3
-5708.8 -9010.4 -3.3 234 0 14.6 8.2 2.5 2.5 2 0 1 5 5
-5714.2 -9071.9 -3.5 54 0 14.4 9.6 5.0 2.5 4 0 2 5 5
-5805.6 -8980.2 -1.9 234 0 14.9 9.2 7.5 2.5 2 0 3 2 2
-5801.2 -9076.8 -3.2 232 0 14.9 12.6 5.0 2.5 2 0 2 2 2
-5846.6 -9109.5 -2.8 233 0 11.5 9.4 5.0 2.5 2 0 2 3 3
-5925.3 -9031.4 -1.1 53 0 15.7 9.7 2.5 2.5 2 0 1 2 2
-5864.6 -9180.8 -3.4 54 0 14.8 9.1 5.0 2.5 2 0 2 1 1
-6367.1 -9253.8 0.7 228 0 9.3 14.0 5.0 2.5 2 1 2 0 0
-6358.2 -9234.0 0.7 183 0 6.3 12.3 2.5 2.5 2 1 1 1 1
-6361.8 -9310.7 0.4 163 0 12.7 11.3 5.0 2.5 4 0 2 1 1
-6326.0 -9293.5 0.0 267 0 15.7 8.1 5.0 2.5 2 0 2 4 4
-6380.4 -9342.5 0.6 247 0 7.3 11.3 2.5 2.5 4 1 1 0 0
-6420.9 -9324.0 1.4 56 0 11.7 9.0 7.5 2.5 2 0 3 1 1
-6427.0 -9404.5 1.1 346 0 6.2 10.1 5.0 0.0 0 1 2 0 0
-6496.7 -9416.6 2.0 247 0 11.7 8.9 5.0 2.5 2 0 2 1 1
-6525.5 -9384.4 2.6 94 0 12.5 8.3 2.5 2.5 2 0 1 3 3
-3009.4 -6615.8 11.5 269 0 26.4 18.4 7.5 2.5 4 0 3 3 3
-4192.7 -10496.2 -4.0 118 0 16.6 30.2 10.0 0.0 0 1 4 2 2
-4159.8 -10433.7 -4.2 245 0 17.4 12.4 7.5 2.5 2 0 3 3 3
-4129.5 -10466.4 -4.8 333 0 11.6 12.3 7.5 2.5 2 1 3 0 0
-4127.5 -10417.8 -4.5 242 0 7.7 5.8 5.0 0.0 0 0 2 4 4
-4171.1 -10309.2 -7.2 152 0 10.8 22.0 5.0 0.0 0 1 2 2 2
-4103.1 -10327.6 -8.3 152 0 12.7 18.8 7.5 2.5 4 1 3 1 1
-4077.6 -10265.8 -10.5 332 0 14.6 26.9 15.0 0.0 0 1 6 3 3
-3997.6 -10384.4 -9.0 75 0 11.8 23.7 10.0 2.5 2 1 4 2 2
-3997.1 -10401.8 -7.7 167 0 7.4 5.7 5.0 0.0 0 0 2 3 3
-3958.4 -10499.5 -8.2 198 0 10.5 8.0 5.0 0.0 0 0 2 2 2
-3963.8 -10515.4 -8.3 198 0 9.9 8.1 7.5 0.0 0 0 3 0 0
-3966.9 -10537.1 -8.3 108 0 8.2 10.4 5.0 2.5 2 1 2 0 0
-4455.6 -10796.7 4.5 159 0 9.6 12.3 5.0 2.5 2 1 2 1 1
-4097.9 -10736.5 -6.3 89 0 8.1 18.4 5.0 2.5 4 1 2 5 5
-4070.3 -10838.3 -4.3 340 0 14.0 23.7 12.5 2.5 2 1 5 2 2
-3426.5 -6252.3 11.8 291 0 15.0 9.9 5.0 0.0 0 0 2 5 5
-5622.1 -9375.6 -9.2 324 0 19.9 29.6 10.0 2.5 2 1 4 5 5
-5496.6 -8957.5 -5.5 55 0 13.2 7.5 7.5 2.5 2 0 3 4 4
-5485.8 -9025.5 -6.1 54 0 20.3 24.6 10.0 2.5 2 1 4 0 0
-5480.6 -9000.4 -6.3 145 0 12.5 16.6 12.5 2.5 2 1 5 1 1
-5464.7 -8695.1 -5.5 278 0 13.6 14.4 5.0 2.5 2 1 2 2 2
-5439.8 -8698.8 -6.0 284 0 16.3 10.0 5.0 2.5 2 0 2 1 1
-5419.9 -8704.8 -6.4 284 0 13.5 13.9 2.5 2.5 2 1 1 0 0
-2992.6 -6528.0 12.0 359 0 20.0 36.1 7.5 0.0 0 1 3 5 5
-3151.4 -6735.1 9.7 89 0 19.5 51.7 12.5 2.5 2 1 5 1 1
-3071.1 -6744.3 8.7 90 0 33.7 13.6 7.5 2.5 2 0 3 2 2
-3088.0 -6136.0 -0.3 90 0 29.7 18.2 10.0 2.5 2 0 4 3 3
-2958.8 -6101.9 -2.6 343 0 8.2 16.1 5.0 0.0 0 1 2 4 4
-5683.8 -1597.3 4.6 262 0 13.1 13.5 2.5 0.0 0 1 1 0 0
-4462.4 -8877.3 -19.1 17 0 11.9 15.7 10.0 0.0 0 1 4 5 5
-4829.5 -8834.8 -14.5 145 0 9.5 49.5 7.5 0.0 0 1 3 2 2
-4777.9 -8821.4 -14.9 326 0 9.3 50.1 7.5 2.5 2 1 3 2 2
-4768.2 -8836.7 -15.2 325 0 9.2 48.7 7.5 2.5 2 1 3 1 1
-4797.5 -8879.0 -15.6 145 0 9.7 55.8 7.5 2.5 2 1 3 0 0
-4787.0 -8894.2 -15.9 145 0 9.6 55.4 7.5 2.5 2 1 3 3 3
-4764.3 -8904.6 -16.2 67 0 30.8 14.4 10.0 2.5 2 0 4 3 3
-4733.7 -8814.8 -15.3 235 0 50.0 8.9 7.5 2.5 4 0 3 4 4
-4722.6 -8829.3 -15.6 234 0 49.4 8.5 7.5 2.5 2 0 3 5 5
-4729.9 -8861.7 -16.1 146 0 9.2 48.6 7.5 2.5 2 1 3 4 4
-4718.8 -8876.5 -16.4 145 0 10.0 48.3 7.5 2.5 2 1 3 1 1
-4693.6 -8880.7 -16.7 145 0 8.7 30.9 7.5 2.5 2 1 3 0 0
-4659.3 -8876.0 -17.0 145 0 8.1 33.0 7.5 2.5 2 1 3 3 3
-4636.5 -8839.1 -16.6 326 0 9.1 31.3 7.5 2.5 2 1 3 0 0
-4647.7 -8825.4 -16.3 325 0 10.2 31.4 5.0 2.5 2 1 2 1 1
-4657.8 -8810.3 -15.9 325 0 9.3 32.5 7.5 2.5 2 1 3 0 0
-4653.4 -8785.0 -15.5 325 0 9.8 50.2 7.5 2.5 2 1 3 0 0
-4664.2 -8770.2 -15.1 325 0 9.2 50.3 7.5 2.5 2 1 3 0 0
-4840.4 -8941.3 -15.7 57 0 12.8 12.6 5.0 2.5 2 0 2 1 1
-4621.8 -8741.6 -15.0 270 0 19.2 10.4 7.5 2.5 2 0 3 1 1
-4611.8 -8791.1 -16.1 155 0 20.5 8.5 7.5 2.5 2 0 3 1 1
-4601.4 -8742.6 -15.3 270 0 9.6 17.8 7.5 0.0 0 1 3 3 3
-4580.7 -8807.7 -16.6 90 0 9.3 21.1 7.5 2.5 2 1 3 2 2
-4572.8 -8742.6 -15.7 272 0 9.8 22.7 5.0 2.5 2 1 2 5 5
-4558.4 -8742.9 -15.9 269 0 9.7 17.3 7.5 2.5 4 1 3 5 5
-4536.1 -8811.8 -17.1 88 0 9.5 20.2 7.5 2.5 2 1 3 5 5
-4456.7 -8917.7 -19.8 239 0 11.8 10.5 2.5 2.5 2 0 1 0 0
-4487.5 -8939.2 -19.6 235 0 14.6 8.3 5.0 2.5 2 0 2 4 4
-4501.7 -8949.6 -19.6 238 0 14.3 8.8 2.5 2.5 2 0 1 4 4
-4516.3 -8960.1 -19.6 236 0 14.1 10.8 5.0 2.5 2 0 2 2 2
-4392.8 -8732.9 -18.5 160 0 8.9 21.6 7.5 2.5 2 1 3 0 0
-4362.9 -8758.8 -18.8 359 0 11.0 20.9 10.0 2.5 2 1 4 0 0
-4362.2 -8776.6 -19.0 2 0 8.7 20.6 7.5 2.5 4 1 3 0 0
-4419.4 -8766.1 -18.4 1 0 20.4 10.0 7.5 2.5 2 0 3 1 1
-4641.5 -8704.7 -14.3 90 0 9.9 21.9 7.5 2.5 2 1 3 5 5
-4621.0 -8703.8 -14.7 87 0 9.5 21.4 7.5 2.5 2 1 3 3 3
-4603.4 -8710.2 -15.1 89 0 9.8 20.9 5.0 2.5 2 1 2 1 1
-4576.5 -8710.6 -15.6 89 0 10.4 19.4 10.0 0.0 0 1 4 0 0
-4562.8 -8709.7 -15.9 87 0 9.4 20.6 7.5 2.5 2 1 3 2 2
-4430.2 -8709.3 -18.2 90 0 10.1 21.3 7.5 2.5 2 1 3 0 0
-5195.0 -9445.9 -18.5 235 0 22.9 9.9 7.5 2.5 2 0 3 0 0
-5464.2 -9261.7 -7.3 90 0 13.3 15.5 7.5 0.0 0 1 3 3 3
-5495.3 -9302.9 -9.4 91 0 11.8 31.5 17.5 0.0 0 1 7 0 0
-5504.4 -9341.2 -10.4 90 0 21.9 25.4 15.0 0.0 0 1 6 1 1
-5527.9 -9303.8 -8.7 86 0 8.6 19.1 7.5 2.5 2 1 3 4 4
-5465.7 -9301.1 -10.6 271 0 11.0 23.6 10.0 2.5 2 1 4 3 3
-5428.2 -9329.5 -12.0 180 0 26.9 11.1 12.5 2.5 2 0 5 5 5
-5377.6 -9282.4 -7.9 272 0 7.8 7.3 7.5 2.5 2 0 3 3 3
-5386.1 -9268.2 -7.7 271 0 11.1 7.1 7.5 2.5 2 0 3 3 3
-5403.2 -9219.0 -7.6 270 0 6.5 9.1 7.5 2.5 2 1 3 0 0
-5304.3 -9159.7 -8.2 86 0 10.8 7.5 7.5 0.0 0 0 3 3 3
-5283.4 -9144.6 -8.3 55 0 30.9 18.5 7.5 0.0 0 0 3 5 5
-5192.4 -9197.3 -9.1 0 0 18.7 12.9 5.0 2.5 2 0 2 3 3
-5184.1 -9306.0 -10.6 241 0 34.5 35.7 12.5 0.0 0 1 5 1 1
-5159.6 -9367.6 -11.8 234 0 18.1 12.4 7.5 2.5 2 0 3 2 2
-5209.9 -9390.3 -13.9 181 0 28.3 12.8 10.0 2.5 2 0 4 1 1
-5038.7 -9578.5 -18.0 245 0 11.3 67.8 12.5 2.5 2 1 5 1 1
-4979.9 -9696.8 -15.0 67 0 19.3 60.5 10.0 2.5 2 1 4 2 2
-4957.4 -9686.3 -15.5 64 0 13.1 60.8 10.0 2.5 2 1 4 2 2
-4940.4 -9678.3 -16.1 64 0 12.3 60.7 10.0 2.5 2 1 4 3 3
-4922.4 -9669.6 -16.7 64 0 12.2 60.9 12.5 2.5 4 1 5 1 1
-4931.9 -9606.5 -17.2 244 0 12.5 42.5 12.5 2.5 2 1 5 0 0
-4945.9 -9581.9 -18.5 244 0 13.2 24.4 12.5 2.5 2 1 5 4 4
-4905.0 -9661.8 -14.9 62 0 12.8 13.0 2.5 2.5 2 1 1 4 4
-4923.7 -9581.8 -18.6 246 0 13.5 15.0 5.0 2.5 2 1 2 4 4
-4913.7 -9597.7 -17.8 245 0 12.5 61.4 12.5 2.5 2 1 5 1 1
-4837.3 -9604.0 -18.6 334 0 46.1 12.2 10.0 2.5 2 0 4 5 5
-4811.6 -9581.4 -18.6 245 0 31.1 31.5 15.0 0.0 0 1 6 2 2
-5716.0 -1606.7 4.8 255 0 15.6 17.0 2.5 2.5 2 1 1 3 3
-5769.5 -1625.9 5.5 244 0 13.0 13.3 5.0 2.5 2 1 2 3 3
-3211.2 -6621.4 13.7 0 0 20.5 17.5 5.0 2.5 4 0 2 4 4
-3251.7 -6611.7 14.1 179 0 35.0 9.5 7.5 2.5 2 0 3 3 3
-3103.5 -6601.8 11.8 181 0 14.9 14.9 7.5 2.5 2 1 3 0 0
-3602.8 -6658.4 16.4 196 0 21.9 18.6 7.5 0.0 0 0 3 0 0
-3626.4 -6713.3 16.9 199 0 11.2 22.4 10.0 0.0 0 1 4 2 2
-6162.4 -9983.8 -7.7 156 0 10.0 17.4 12.5 2.5 2 1 5 3 3
-6136.6 -9965.9 -8.5 244 0 17.5 10.1 7.5 2.5 2 0 3 1 1
-6164.0 -9940.1 -8.7 66 0 17.4 11.7 7.5 2.5 2 0 3 3 3
-6143.2 -9929.7 -8.7 65 0 18.1 11.3 7.5 2.5 4 0 3 1 1
-6116.5 -9955.9 -9.4 244 0 17.4 10.2 17.5 0.0 0 0 7 5 5
-6096.0 -9946.0 -10.2 243 0 17.8 10.1 10.0 2.5 2 0 4 4 4
-6122.9 -9919.7 -8.8 65 0 17.6 11.4 7.5 2.5 4 0 3 1 1
-6084.0 -9893.9 -9.2 66 0 19.2 9.0 7.5 2.5 2 0 3 5 5
-6017.3 -9850.0 -10.1 155 0 11.6 14.6 7.5 2.5 2 1 3 4 4
-5960.0 -9892.1 -12.1 153 0 11.6 14.8 10.0 2.5 2 1 4 0 0
-5956.1 -9814.6 -10.6 243 0 15.7 10.7 10.0 2.5 2 0 4 3 3
-5480.4 -9891.1 -18.1 17 0 14.7 23.8 7.5 2.5 2 1 3 5 5
-5531.6 -9823.2 -18.7 180 0 22.3 15.6 5.0 2.5 2 0 2 2 2
-6886.8 -8258.2 30.1 15 0 20.4 20.8 10.0 0.0 0 1 4 3 3
-4666.5 -5330.4 50.8 270 0 18.9 8.4 7.5 2.5 2 0 3 4 4
-4684.7 -5319.6 50.6 270 0 7.7 18.8 7.5 2.5 2 1 3 3 3
-6182.8 -9997.5 -6.0 334 0 10.1 17.3 15.0 0.0 0 1 6 2 2
-6197.6 -9940.4 -8.2 153 0 11.2 15.2 7.5 2.5 2 1 3 4 4
-6075.5 -9936.2 -10.7 245 0 17.6 10.2 10.0 2.5 2 0 4 4 4
-6054.9 -9926.2 -10.9 245 0 17.6 9.5 7.5 2.5 2 0 3 2 2
-6034.8 -9916.1 -10.9 244 0 17.7 9.9 7.5 2.5 2 0 3 3 3
-6014.6 -9906.0 -11.2 245 0 17.1 10.3 10.0 2.5 2 0 4 2 2
-5985.7 -9913.6 -11.7 66 0 15.2 11.1 7.5 2.5 2 0 3 1 1
-6039.6 -9865.7 -9.7 334 0 11.7 14.6 7.5 2.5 4 1 3 0 0
-6063.5 -9883.9 -9.4 65 0 19.1 9.1 7.5 2.5 2 0 3 2 2
-6102.2 -9909.6 -9.0 64 0 17.7 10.6 12.5 2.5 2 0 5 4 4
-5992.8 -9833.3 -10.3 246 0 16.3 11.5 7.5 2.5 2 0 3 1 1
-5973.6 -9825.4 -10.5 243 0 15.5 11.6 10.0 2.5 2 0 4 0 0
-5002.8 -8926.3 -13.9 234 0 59.7 18.4 5.0 2.5 4 0 2 2 2
-4922.5 -8988.9 -15.6 235 0 13.6 16.7 5.0 2.5 2 1 2 0 0
-4963.8 -9031.5 -15.7 145 0 15.7 37.7 10.0 2.5 2 1 4 3 3
-4993.0 -8972.4 -14.3 53 0 17.2 16.3 7.5 2.5 2 0 3 4 4
-5113.4 -9184.5 -12.9 147 0 8.1 14.3 5.0 2.5 2 1 2 2 2
-5093.1 -9175.3 -13.3 52 0 9.4 8.4 5.0 2.5 2 0 2 4 4
-5025.8 -9126.7 -16.0 55 0 13.2 12.4 2.5 2.5 2 0 1 1 1
-4973.5 -9088.6 -16.3 55 0 11.7 15.9 7.5 2.5 4 1 3 1 1
-4656.2 -8707.7 -14.1 87 0 12.8 24.3 10.0 0.0 0 1 4 0 0
-4488.4 -8744.5 -17.1 270 0 9.6 20.5 7.5 2.5 2 1 3 1 1
-4520.4 -8710.3 -16.8 88 0 9.7 20.8 7.5 2.5 2 1 3 5 5
-4411.8 -8716.6 -18.3 118 0 9.2 19.0 7.5 2.5 2 1 3 1 1
-4125.4 -8433.5 -16.3 146 0 15.4 24.8 10.0 2.5 2 1 4 2 2
-4066.8 -8420.3 -16.9 325 0 5.3 13.8 7.5 2.5 2 1 3 4 4
-5600.9 -8952.1 -4.1 270 0 9.5 17.8 5.0 2.5 2 1 2 5 5
-5600.8 -9000.8 -4.4 90 0 9.7 15.4 5.0 2.5 2 1 2 0 0
-5639.8 -9016.8 -4.0 51 0 15.8 9.7 5.0 2.5 2 0 2 1 1
-5621.6 -9007.6 -4.2 67 0 12.8 10.0 2.5 2.5 2 0 1 4 4
-5655.2 -9028.3 -3.9 54 0 13.9 8.9 5.0 2.5 2 0 2 3 3
-5695.0 -8998.9 -3.3 236 0 13.4 9.4 2.5 2.5 4 0 1 2 2
-5684.3 -9050.3 -3.7 55 0 14.5 9.6 2.5 2.5 2 0 1 1 1
-5724.9 -9021.8 -3.1 234 0 14.5 8.0 5.0 2.5 2 0 2 1 1
-5728.0 -9081.0 -3.5 53 0 11.9 9.2 2.5 2.5 2 0 1 1 1
-5744.8 -9093.6 -3.6 57 0 15.7 9.0 5.0 2.5 2 0 2 4 4
-5759.5 -9104.1 -3.7 54 0 15.1 9.3 5.0 2.5 2 0 2 2 2
-5785.5 -9059.7 -3.1 236 0 8.5 16.4 5.0 0.0 0 1 2 5 5
-5788.8 -9125.6 -3.5 59 0 14.8 9.4 5.0 2.5 2 0 2 5 5
-5804.7 -9137.8 -3.5 55 0 15.8 8.8 7.5 2.5 2 0 3 2 2
-5820.4 -9147.7 -3.4 55 0 15.1 8.7 2.5 0.0 0 0 1 4 4
-5862.3 -9121.8 -2.8 233 0 15.5 8.9 2.5 2.5 2 0 1 0 0
-5851.3 -9170.9 -3.4 57 0 11.5 9.5 5.0 2.5 2 0 2 5 5
-5892.6 -9143.5 -2.9 233 0 14.5 9.3 2.5 2.5 4 0 1 5 5
-4689.0 -9413.8 -22.9 267 0 18.3 10.4 5.0 2.5 2 0 2 2 2
-4660.7 -9397.2 -23.0 234 0 22.4 10.1 5.0 2.5 2 0 2 4 4
-4691.6 -9358.9 -23.5 208 0 10.2 19.0 5.0 2.5 2 1 2 4 4
-4656.5 -9347.8 -23.5 325 0 8.8 13.4 5.0 2.5 2 1 2 1 1
-4719.3 -9380.1 -23.5 202 0 14.1 10.2 5.0 2.5 4 0 2 4 4
-4708.2 -9402.8 -23.4 328 0 17.2 10.5 5.0 2.5 2 0 2 1 1
-4171.2 -8644.8 -19.6 323 0 15.9 14.4 2.5 2.5 2 0 1 3 3
-4195.7 -8624.6 -19.2 323 0 15.6 14.3 5.0 2.5 2 0 2 4 4
-4269.6 -8544.8 -16.8 24 0 8.5 20.7 5.0 0.0 0 1 2 2 2
-4233.6 -8702.9 -19.3 22 0 9.3 23.9 5.0 2.5 2 1 2 1 1
407.3 -6883.1 -44.9 179 0 21.1 38.4 17.5 0.0 0 1 5 3 3
473.1 -6881.4 -45.0 359 0 14.5 25.3 17.5 3.5 2 1 5 0 0
521.6 -6874.5 -45.4 90 0 31.7 19.3 17.5 3.5 2 0 5 0 0
525.9 -6899.0 -45.2 89 0 40.2 9.7 10.5 3.5 2 0 3 0 0
644.3 -6874.5 -46.2 267 0 13.5 19.7 17.5 3.5 2 1 5 1 1
676.1 -6956.4 -48.1 359 0 25.8 17.3 17.5 3.5 4 0 5 4 4
771.5 -6907.5 -49.2 89 0 22.2 21.2 7.5 2.5 2 0 3 1 1
421.1 -6975.2 -44.7 87 0 15.0 35.4 14.0 3.5 2 1 4 0 0
-3379.4 -9315.0 -17.7 134 0 6.8 15.3 7.5 2.5 2 1 3 4 4
-3358.4 -9227.3 -20.1 147 0 12.2 4.1 7.5 2.5 2 0 3 3 3
-3357.4 -9207.7 -20.4 239 0 18.5 7.2 7.5 2.5 4 0 3 0 0
-3335.5 -9210.2 -20.3 329 0 6.8 12.8 7.5 2.5 2 1 3 2 2
-3324.0 -9258.2 -19.4 135 0 7.6 20.9 5.0 2.5 2 1 2 4 4
-3569.7 -9585.9 -14.9 134 0 6.8 15.2 7.5 2.5 2 1 3 1 1
-3551.3 -9537.4 -15.6 221 0 7.1 15.2 7.5 2.5 2 1 3 1 1
-974.3 -8698.1 0.6 33 0 3.5 3.3 7.5 2.5 2 0 3 2 2
-976.8 -8632.5 1.7 212 0 4.1 4.8 7.5 2.5 2 1 3 5 5
-308.2 -8621.8 -1.3 253 0 3.2 4.8 7.5 2.5 2 1 3 1 1
-3868.0 -10610.2 -7.2 3 0 6.7 6.1 7.5 2.5 2 0 3 2 2
-3881.5 -10670.0 -7.1 9 0 5.5 5.4 7.5 2.5 2 0 3 0 0
-3885.3 -10692.3 -7.0 8 0 3.9 5.6 5.0 2.5 2 1 2 0 0
-3889.1 -10724.9 -6.8 356 0 3.9 6.8 7.5 2.5 2 1 3 1 1
-3890.4 -10733.5 -6.6 359 0 6.7 5.9 7.5 2.5 2 0 3 4 4
-3970.5 -10858.3 -6.2 97 0 5.7 6.6 7.5 2.5 2 1 3 5 5
-4002.1 -9074.7 -22.3 147 0 19.2 25.6 7.5 2.5 2 1 3 1 1
-3938.3 -9054.4 -23.0 65 0 9.2 14.6 7.5 2.5 2 1 3 0 0
-5528.6 -9356.3 -10.8 264 0 33.5 9.0 7.5 2.5 2 0 3 4 4
-1600.1 -8394.4 -33.0 79 0 78.3 115.5 14.0 0.0 0 1 4 2 2
-6319.4 -8797.9 8.8 91 0 18.0 12.7 7.5 2.5 2 0 3 0 0
-6313.4 -8830.5 7.0 271 0 13.6 9.4 5.0 2.5 2 0 2 2 2
-6344.2 -8830.7 7.8 270 0 7.0 15.5 5.0 2.5 2 1 2 5 5
-6356.8 -8721.2 12.8 181 0 7.0 17.7 5.0 2.5 2 1 2 5 5
-6357.3 -8737.9 12.1 180 0 8.2 11.7 5.0 2.5 2 1 2 3 3
-6390.0 -8731.2 14.0 6 0 14.1 12.2 5.0 2.5 2 0 2 4 4
-6393.9 -8751.4 13.5 20 0 11.9 12.5 7.5 2.5 2 1 3 0 0
-6407.1 -8773.6 13.1 44 0 8.4 12.4 5.0 2.5 4 1 2 2 2
-6429.1 -8799.0 12.8 43 0 14.1 14.1 5.0 2.5 2 0 2 2 2
-6464.6 -8837.4 12.4 43 0 14.0 12.5 5.0 2.5 2 0 2 2 2
-6477.6 -8851.3 12.2 39 0 11.8 12.4 5.0 2.5 2 1 2 1 1
-6494.3 -8878.9 11.5 20 0 13.0 13.5 5.0 0.0 0 1 2 1 1
-6498.9 -8895.2 10.8 11 0 14.0 11.2 5.0 2.5 4 0 2 5 5
-6501.9 -8943.1 8.9 1 0 11.7 12.6 5.0 2.5 2 1 2 3 3
-6359.8 -8755.8 11.4 181 0 6.5 13.5 7.5 2.5 2 1 3 5 5
-6367.8 -8797.0 10.7 90 0 8.9 16.6 5.0 2.5 2 1 2 3 3
-6381.0 -8829.0 9.2 283 0 11.6 12.6 5.0 2.5 2 1 2 5 5
-6405.3 -8824.5 10.4 223 0 7.6 10.4 5.0 2.5 2 1 2 2 2
-6416.6 -8833.8 10.1 223 0 8.7 15.6 5.0 2.5 2 1 2 1 1
-6429.3 -8847.5 10.2 223 0 7.3 11.6 5.0 2.5 2 1 2 5 5
-6441.6 -8860.7 9.9 223 0 6.3 13.4 5.0 2.5 2 1 2 4 4
-6462.7 -8890.3 9.3 201 0 7.0 13.5 5.0 2.5 4 1 2 5 5
-6468.0 -8908.7 8.6 187 0 7.8 15.3 7.5 2.5 2 1 3 4 4
-6466.9 -8927.4 8.2 180 0 7.5 10.3 5.0 2.5 2 1 2 2 2
-6468.9 -8942.1 7.6 180 0 7.0 18.5 5.0 0.0 0 1 2 1 1
-3904.3 -7057.1 6.5 202 0 19.6 10.3 5.0 2.5 2 0 2 5 5
-3903.7 -7036.3 7.6 168 0 19.7 16.0 12.5 2.5 2 0 5 4 4
-3915.1 -7023.5 8.9 115 0 16.4 9.3 5.0 0.0 0 0 2 1 1
-3936.0 -7015.9 9.6 116 0 18.8 9.9 2.5 2.5 2 0 1 3 3
-3951.4 -7052.7 8.2 27 0 9.4 16.9 7.5 0.0 0 1 3 2 2
-3923.8 -7071.7 5.9 206 0 18.7 14.4 10.0 0.0 0 0 4 5 5
-3935.1 -7090.9 5.4 205 0 16.1 9.7 7.5 2.5 2 0 3 5 5
-3778.2 -4376.2 27.6 222 0 12.9 13.9 2.5 2.5 2 1 1 2 2
2266.2 -4741.1 -52.7 133 0 14.0 11.4 5.0 2.5 2 0 2 1 1
2276.3 -4719.5 -52.7 225 0 12.8 14.9 5.0 2.5 2 1 2 1 1
2292.0 -4705.4 -52.8 227 0 7.5 15.8 7.5 2.5 4 1 3 5 5
2290.1 -4763.3 -52.9 130 0 11.5 11.0 5.0 2.5 2 0 2 0 0
2311.3 -4754.8 -53.0 45 0 13.2 15.6 2.5 2.5 2 1 1 5 5
2323.2 -4744.7 -53.0 52 0 12.6 13.8 7.5 2.5 2 1 3 4 4
2334.8 -4733.0 -53.0 52 0 11.2 9.9 5.0 2.5 2 0 2 3 3
2304.3 -4695.5 -52.8 233 0 11.0 10.4 7.5 2.5 2 0 3 4 4
2320.2 -4682.5 -52.8 235 0 7.0 15.1 5.0 2.5 2 1 2 0 0
2347.1 -4724.9 -53.1 63 0 12.5 9.8 5.0 2.5 2 0 2 1 1
1722.0 -4773.8 -47.4 207 0 9.5 15.1 5.0 2.5 2 1 2 4 4
1734.6 -4795.7 -47.4 0 0 12.2 14.0 5.0 2.5 2 1 2 2 2
1735.5 -4810.7 -47.5 356 0 13.3 12.1 5.0 2.5 2 0 2 4 4
1736.8 -4830.3 -47.6 346 0 15.6 10.8 5.0 2.5 2 0 2 1 1
1761.6 -4793.7 -47.9 180 0 7.7 15.5 7.5 2.5 4 1 3 5 5
1764.3 -4819.9 -48.0 160 0 7.3 14.8 5.0 2.5 2 1 2 4 4
1784.6 -4764.7 -48.0 308 0 13.0 13.6 5.0 2.5 2 1 2 0 0
5780.8 -7231.0 -66.3 135 0 20.8 109.3 12.5 0.0 0 1 5 3 3
6010.8 -7202.7 -68.8 6 0 18.1 23.6 12.5 0.0 0 0 5 1 1
5970.2 -6837.9 -68.4 348 0 24.4 15.6 10.0 2.5 2 0 4 2 2
