-5265.6 2451.4 -0.8 243 0 7.4 6.5 2.5 2.5 2 0 1 5 5
-5300.6 2502.1 -1.2 90 0 10.8 8.7 7.5 2.5 2 0 3 5 5
-5265.5 2415.6 -0.8 270 0 30.5 13.6 5.0 2.5 2 0 2 2 2
-4901.8 9811.0 -38.8 91 0 5.9 21.5 7.5 2.5 2 1 3 4 4
-5424.1 2226.0 -0.7 180 0 13.8 16.7 10.0 2.5 2 1 4 1 1
-6278.6 -7437.8 22.0 91 0 7.4 7.8 5.0 2.5 2 1 2 4 4
-4945.4 9884.3 -39.1 182 0 15.2 24.2 7.5 2.5 2 1 3 0 0
-6830.7 10464.8 -37.3 96 0 14.0 28.1 7.5 2.5 2 1 3 5 5
-6896.8 10696.1 -35.2 1 0 24.8 14.8 7.5 0.0 0 0 3 2 2
-6752.9 10282.0 -39.0 7 0 36.7 18.4 10.0 0.0 0 0 4 5 5
-6744.2 10131.6 -38.1 183 0 13.1 19.0 5.0 2.5 4 1 2 4 4
-5290.2 2503.8 -1.1 89 0 5.3 6.9 7.5 2.5 2 1 3 4 4
-5270.1 2476.9 -0.9 181 0 22.0 7.8 2.5 2.5 2 0 1 1 1
-6931.4 10448.4 -35.0 180 0 14.6 11.2 7.5 2.5 4 0 3 1 1
-6740.3 9989.0 -37.2 92 0 14.7 9.1 7.5 2.5 2 0 3 2 2
-6732.5 10460.3 -39.4 8 0 30.9 13.1 7.5 2.5 2 0 3 1 1
-6657.9 10292.9 -39.3 5 0 13.3 17.6 7.5 2.5 4 1 3 4 4
-6730.2 10187.3 -38.7 276 0 14.2 18.8 7.5 2.5 2 1 3 4 4
-6270.8 -7418.0 21.9 1 0 17.7 12.1 7.5 2.5 4 0 3 0 0
-6232.8 -7416.6 22.1 179 0 18.9 8.9 7.5 2.5 2 0 3 4 4
-5275.8 2479.9 -1.0 0 0 22.8 7.5 7.5 2.5 2 0 3 2 2
-5299.2 2462.6 -1.1 91 0 4.3 20.2 5.0 2.5 2 1 2 3 3
-5271.8 2495.4 -0.9 137 0 12.8 8.8 5.0 2.5 2 0 2 0 0
