-6667.8 -4447.0 -67.5 207 0 9.5 6.6 2.5 2.5 2 0 1 2 2
-6678.6 -4397.4 -69.9 295 0 11.3 7.7 7.5 2.5 2 0 3 2 2
-6248.1 -4936.2 -82.0 90 0 9.5 4.7 2.5 2.5 2 0 1 1 1
-6269.5 -5631.5 -74.9 230 0 4.1 4.6 7.5 2.5 2 1 3 0 0
-6281.2 -5840.8 -67.8 89 0 7.4 10.8 5.0 2.5 2 1 2 2 2
-6711.6 -6543.9 -33.1 217 0 12.9 26.7 10.0 2.5 2 1 4 3 3
-6529.6 -6455.4 -38.2 64 0 15.7 12.3 7.5 2.5 2 0 3 1 1
-6564.6 -6740.8 -30.9 61 0 6.9 8.6 7.5 2.5 2 1 3 3 3
-6397.2 -6813.2 -45.4 253 0 11.7 23.2 10.0 2.5 2 1 4 4 4
-6534.4 -7192.9 -42.5 181 0 17.6 14.6 17.5 0.0 0 0 7 4 4
-6152.6 -8617.3 -26.3 232 0 15.6 22.2 7.5 2.5 2 1 3 5 5
-5879.9 -7975.3 -41.8 225 0 22.5 14.5 10.0 2.5 2 0 4 3 3
-6304.5 -7315.0 -55.6 229 0 6.4 7.4 7.5 0.0 0 1 3 2 2
-6021.2 -7243.1 -59.7 131 0 11.6 18.8 7.5 2.5 2 1 3 0 0
-5758.4 -7327.1 -54.1 38 0 9.1 10.2 7.5 0.0 0 1 3 3 3
-5966.0 -7818.9 -42.7 117 0 21.1 23.5 7.5 2.5 2 1 3 2 2
-6604.7 -7368.6 -47.6 341 0 19.7 19.3 7.5 2.5 2 0 3 1 1
-6476.7 -8082.8 -34.5 117 0 17.7 24.3 15.0 0.0 0 1 6 3 3
-6577.1 -7786.0 -39.5 262 0 8.8 10.4 2.5 0.0 0 1 1 1 1
-6141.8 -9149.8 -23.9 138 0 13.5 27.3 10.0 2.5 2 1 4 2 2
-6153.8 -9347.2 -22.5 118 0 10.0 13.2 5.0 0.0 0 1 2 2 2
-6201.1 -4202.7 -86.3 36 0 20.5 6.4 5.0 2.5 2 0 2 2 2
-6174.7 -4195.5 -84.6 192 0 16.9 10.5 7.5 2.5 2 0 3 2 2
-5414.8 -8695.4 -25.8 75 0 13.1 12.1 5.0 2.5 2 0 2 4 4
-4762.1 -9656.9 0.7 220 0 28.1 21.2 7.5 2.5 2 0 3 5 5
-6306.3 -5459.9 -72.5 200 0 9.2 21.7 7.5 2.5 2 1 3 2 2
-6291.7 -5886.5 -70.3 269 0 16.9 32.6 12.5 2.5 2 1 5 4 4
-6256.7 -5838.4 -68.7 177 0 4.7 4.2 5.0 2.5 4 0 2 0 0
-5947.2 -8047.2 -36.8 359 0 23.2 12.0 7.5 2.5 2 0 3 4 4
-6244.9 -7242.5 -55.5 220 0 18.9 15.4 10.0 2.5 2 0 4 1 1
-5738.1 -7293.1 -59.1 335 0 25.6 14.3 12.5 2.5 2 0 5 0 0
-5707.3 -7487.7 -54.1 105 0 10.8 37.3 12.5 2.5 4 1 5 1 1
-6143.5 -7679.9 -46.4 133 0 18.4 22.9 10.0 2.5 2 1 4 5 5
-6423.7 -7593.1 -47.6 135 0 17.1 19.3 10.0 2.5 2 1 4 3 3
-3036.9 -6366.2 -6.5 97 0 10.3 8.5 2.5 2.5 2 0 1 3 3
-6238.8 -5461.9 -77.8 266 0 6.7 16.0 2.5 2.5 2 1 1 4 4
-6264.6 -5373.4 -76.6 174 0 6.6 9.6 5.0 2.5 2 1 2 1 1
-6196.1 -5071.8 -80.6 71 0 6.1 13.7 7.5 2.5 2 1 3 5 5
-6196.2 -5053.8 -80.8 78 0 3.3 5.3 5.0 0.0 0 1 2 3 3
-6238.1 -4910.0 -83.2 268 0 6.8 4.1 7.5 2.5 2 0 3 5 5
-6218.9 -4937.6 -82.9 91 0 5.6 10.3 5.0 2.5 2 1 2 5 5
-6250.1 -4927.1 -82.3 88 0 6.8 4.1 2.5 2.5 2 0 1 3 3
-6272.1 -4927.6 -82.1 89 0 19.7 8.3 5.0 2.5 2 0 2 3 3
-6304.6 -5415.4 -73.1 354 0 8.8 14.3 7.5 2.5 2 1 3 0 0
-6313.3 -5472.7 -67.6 267 0 7.4 9.9 7.5 0.0 0 1 3 0 0
-6252.8 -5457.5 -77.4 262 0 7.2 12.1 7.5 2.5 4 1 3 2 2
-6270.6 -5686.1 -73.6 151 0 3.3 6.5 5.0 2.5 2 1 2 1 1
-6273.0 -5710.5 -72.6 181 0 7.8 3.3 2.5 2.5 2 0 1 3 3
-6315.2 -5889.1 -68.0 275 0 17.4 15.3 12.5 2.5 4 0 5 5 5
-6307.6 -5913.9 -68.9 277 0 8.4 5.2 7.5 2.5 2 0 3 1 1
-6319.7 -5845.4 -67.2 52 0 17.7 22.2 10.0 2.5 2 1 4 2 2
-6273.4 -5817.7 -69.0 92 0 14.3 10.0 5.0 2.5 4 0 2 5 5
-6255.8 -5830.3 -69.0 178 0 6.1 11.0 2.5 2.5 2 1 1 4 4
-6364.6 -6225.6 -50.6 118 0 11.1 10.3 7.5 2.5 2 0 3 2 2
-6345.6 -6251.1 -51.0 138 0 13.8 24.7 10.0 2.5 4 1 4 3 3
-6362.8 -6642.2 -48.7 230 0 19.6 19.0 12.5 2.5 2 0 5 4 4
-6419.5 -7040.3 -43.6 98 0 10.0 11.0 7.5 2.5 2 1 3 4 4
-6433.0 -7153.9 -46.2 149 0 14.9 23.3 15.0 0.0 0 1 6 2 2
-5965.1 -6756.9 -60.9 212 0 25.0 20.2 12.5 2.5 2 0 5 3 3
-6213.9 -4225.1 -87.5 286 0 8.4 19.7 7.5 2.5 2 1 3 5 5
-6198.5 -4246.2 -86.7 236 0 20.8 8.3 7.5 2.5 2 0 3 4 4
-6158.3 -4241.9 -84.7 83 0 8.0 6.2 7.5 2.5 4 0 3 2 2
-6175.5 -4235.6 -85.5 265 0 6.3 12.0 5.0 2.5 2 1 2 2 2
-4414.3 -9637.1 -10.7 314 0 17.1 32.9 10.0 2.5 4 1 4 5 5
-4439.9 -9690.8 -8.8 276 0 9.1 13.5 2.5 2.5 2 1 1 3 3
-4025.6 -9331.3 -36.7 141 0 13.9 18.2 10.0 2.5 2 1 4 2 2
1030.6 -7681.3 78.3 252 0 8.1 7.7 5.0 2.5 2 0 2 2 2
1009.8 -7692.0 77.7 90 0 15.9 8.5 5.0 0.0 0 0 2 2 2
-6119.5 -9563.7 -21.7 89 0 10.9 17.3 7.5 0.0 0 1 3 1 1
-6689.2 -6146.4 -44.3 259 0 16.5 25.3 12.5 2.5 2 1 5 0 0
-6585.4 -6347.9 -46.2 358 0 12.0 18.8 2.5 0.0 0 1 1 5 5
-5901.9 -7740.2 -43.1 20 0 6.0 9.2 7.5 2.5 2 1 3 1 1
-6159.8 -7691.0 -45.1 292 0 14.6 10.9 7.5 2.5 4 0 3 2 2
-6521.0 -7770.1 -40.1 182 0 13.2 13.0 10.0 2.5 2 0 4 0 0
-6547.8 -7765.5 -40.2 90 0 11.3 9.7 7.5 2.5 2 0 3 5 5
-6524.0 -7834.4 -38.9 352 0 20.3 16.1 10.0 2.5 2 0 4 4 4
-6675.0 -4384.8 -71.4 89 0 9.2 25.4 7.5 2.5 2 1 3 5 5
-6252.5 -5850.3 -69.7 177 0 11.6 5.2 7.5 2.5 2 0 3 1 1
-6191.0 -6815.9 -51.6 142 0 13.0 25.6 10.0 0.0 0 1 4 1 1
-5978.0 -6829.8 -61.2 286 0 14.9 25.0 12.5 2.5 2 1 5 1 1
-6588.6 -7843.7 -38.6 76 0 14.2 11.9 5.0 2.5 2 0 2 5 5
-6175.8 -4170.3 -84.2 182 0 16.3 16.2 7.5 2.5 2 0 3 3 3
-6135.0 -4234.4 -83.9 355 0 8.7 11.4 7.5 2.5 2 1 3 2 2
-4983.9 -8979.2 -7.1 90 0 13.4 10.5 5.0 2.5 2 0 2 5 5
-5392.8 -8724.7 -24.3 255 0 16.4 23.4 17.5 0.0 0 1 7 4 4
-6171.0 -9339.5 -22.4 115 0 20.2 17.6 7.5 2.5 2 0 3 4 4
-6640.5 -8987.9 -24.9 319 0 11.6 20.1 5.0 2.5 2 1 2 4 4
-5898.8 -7664.4 -44.6 203 0 18.7 19.5 12.5 2.5 2 1 5 2 2
-6091.8 -7606.1 -49.0 149 0 24.0 26.1 10.0 0.0 0 1 4 0 0
-6104.3 -9409.8 -22.7 245 0 24.0 15.9 7.5 2.5 2 0 3 1 1
-6648.9 -9353.4 -20.8 273 0 26.0 10.2 7.5 2.5 2 0 3 2 2
-5644.0 -9685.5 -11.7 289 0 9.9 18.8 2.5 2.5 2 1 1 1 1
-4035.9 -9345.9 -35.7 235 0 13.4 12.4 5.0 2.5 2 0 2 2 2
-3026.9 -6341.1 -6.1 187 0 11.6 6.2 5.0 2.5 2 0 2 1 1
-6707.7 -4421.7 -69.5 205 0 19.1 11.6 5.0 2.5 2 0 2 2 2
-6661.9 -4435.6 -67.9 206 0 9.5 6.6 5.0 2.5 2 0 2 0 0
-6648.0 -4367.7 -70.7 359 0 4.7 7.3 2.5 2.5 2 1 1 5 5
-6194.5 -5085.6 -80.6 255 0 7.0 12.3 5.0 2.5 2 1 2 4 4
-6205.6 -5073.0 -80.5 92 0 3.6 19.7 5.0 2.5 2 1 2 1 1
-6264.6 -4947.1 -80.8 271 0 5.6 10.3 5.0 0.0 0 1 2 2 2
-6661.0 -6138.9 -47.6 183 0 10.1 20.8 12.5 2.5 2 1 5 0 0
-6478.7 -6448.0 -38.6 156 0 11.0 7.5 5.0 2.5 2 0 2 0 0
-6085.3 -6759.8 -54.7 296 0 15.7 17.7 10.0 2.5 2 1 4 4 4
-6222.7 -4213.8 -87.0 194 0 13.0 6.0 7.5 2.5 2 0 3 2 2
