1494.7 -10655.2 15.5 180 0 8.0 14.4 5.0 2.5 2 1 2 4 4
1584.6 -10637.8 14.8 269 0 5.7 7.3 2.5 2.5 2 1 1 0 0
1601.4 -10638.5 14.7 271 0 14.1 8.5 2.5 0.0 0 0 1 4 4
1695.7 -10668.3 14.0 182 0 8.3 19.5 5.0 2.5 2 1 2 2 2
1785.1 -10653.2 13.3 268 0 19.6 8.3 5.0 2.5 2 0 2 3 3
1930.0 -10707.1 10.3 277 0 7.4 7.6 5.0 2.5 2 1 2 0 0
1913.7 -10704.2 10.6 301 0 11.9 9.7 5.0 2.5 2 0 2 0 0
1918.2 -10821.2 11.8 37 0 3.9 3.7 7.5 2.5 2 0 3 2 2
1925.8 -10827.1 11.9 28 0 7.3 6.9 7.5 2.5 2 0 3 2 2
1931.2 -10810.3 11.0 37 0 10.4 12.4 5.0 2.5 2 1 2 1 1
5034.2 -4141.5 -80.2 3 0 8.1 14.9 2.5 2.5 2 1 1 0 0
5337.5 -4113.7 -83.0 2 0 7.0 5.9 5.0 2.5 2 0 2 1 1
5344.4 -4090.3 -83.2 3 0 8.8 12.2 7.5 2.5 2 1 3 4 4
5628.9 -4112.8 -85.0 337 0 3.9 12.6 7.5 2.5 2 1 3 0 0
5598.2 -4128.7 -84.5 66 0 13.3 9.8 7.5 0.0 0 0 3 0 0
5571.9 -4127.3 -84.2 248 0 23.6 9.8 5.0 2.5 2 0 2 5 5
5948.5 -4213.1 -85.3 98 0 3.6 11.9 2.5 2.5 2 1 1 3 3
5943.6 -4181.5 -85.5 278 0 14.4 12.1 5.0 2.5 2 0 2 0 0
-2235.1 -10819.8 42.7 106 0 6.6 11.5 7.5 2.5 2 1 3 4 4
-6663.4 10823.4 68.7 180 0 16.0 30.4 10.0 2.5 2 1 4 1 1
