-1050.7 9133.3 -46.9 91 0 19.7 8.8 2.5 2.5 2 0 1 2 2
-1050.9 9124.8 -46.8 270 0 19.0 9.0 7.5 2.5 2 0 3 0 0
-1075.7 9124.4 -46.9 271 0 18.9 8.9 7.5 2.5 2 0 3 5 5
-1076.0 9132.7 -47.0 90 0 18.6 8.7 5.0 2.5 2 0 2 4 4
-289.5 8949.6 -48.7 134 0 9.0 18.6 2.5 0.0 0 1 1 1 1
-278.3 8938.1 -48.5 135 0 9.3 19.0 7.5 2.5 2 1 3 2 2
-256.0 8929.5 -48.4 134 0 18.5 9.4 5.0 2.5 4 0 2 0 0
-1503.6 10934.2 -14.2 159 0 27.1 5.4 7.5 2.5 2 0 3 0 0
-1460.5 10933.2 -17.0 251 0 22.6 23.9 10.0 2.5 2 1 4 4 4
-5222.8 2466.4 9.0 355 0 17.2 23.1 15.0 0.0 0 1 6 2 2
-5333.6 2507.7 8.2 113 0 14.2 20.2 7.5 2.5 2 1 3 5 5
-4510.7 2579.6 5.2 173 0 18.5 26.1 7.5 0.0 0 1 3 1 1
5544.1 -818.8 38.8 213 0 5.4 15.9 7.5 0.0 0 1 3 5 5
5563.9 -844.7 38.9 126 0 10.0 5.4 5.0 2.5 2 0 2 3 3
5516.7 398.2 15.4 270 0 12.0 31.8 10.0 2.5 2 0 4 0 0
5322.8 319.8 15.8 279 0 26.2 43.2 5.0 0.0 0 1 2 0 0
5721.1 -36.0 24.2 91 0 9.9 19.3 7.5 2.5 2 1 3 4 4
5750.4 -9.4 24.1 270 0 12.3 15.6 5.0 2.5 2 1 2 2 2
5356.0 -141.6 26.0 324 0 13.1 27.2 7.5 2.5 2 1 3 3 3
5431.7 -742.7 41.0 17 0 11.4 17.3 5.0 2.5 2 1 2 3 3
5522.4 -769.1 42.2 118 0 23.6 9.1 7.5 2.5 2 0 3 3 3
5561.9 -784.2 39.2 35 0 17.8 9.7 7.5 2.5 2 0 3 2 2
5570.9 -814.5 37.3 209 0 6.2 15.0 7.5 2.5 2 1 3 1 1
5542.1 -787.2 40.3 121 0 4.0 6.6 5.0 0.0 0 1 2 0 0
5553.6 -772.9 41.3 32 0 6.5 4.0 5.0 2.5 2 0 2 2 2
5447.1 -769.0 42.0 20 0 5.9 4.8 7.5 2.5 2 0 3 3 3
6648.6 -8608.8 81.5 91 0 28.3 37.5 7.5 0.0 0 1 3 0 0
6603.1 -8573.5 81.0 272 0 9.4 27.9 5.0 2.5 2 1 2 0 0
6586.4 -8561.2 80.5 90 0 10.7 30.8 10.0 2.5 2 1 4 3 3
6613.1 -8562.4 80.8 90 0 16.5 50.9 10.0 2.5 4 1 4 3 3
6708.2 -8180.3 80.3 359 0 13.8 7.5 2.5 2.5 2 0 1 0 0
6842.2 3471.2 -19.1 263 0 5.4 7.9 7.5 2.5 2 1 3 4 4
6808.7 3465.6 -19.9 355 0 11.7 13.1 5.0 2.5 2 1 2 5 5
6831.1 3442.1 -19.0 174 0 5.2 4.4 7.5 2.5 2 0 3 5 5
6676.0 3453.2 -21.7 87 0 3.9 3.8 7.5 0.0 0 0 3 0 0
6373.5 3591.1 -26.2 260 0 5.3 23.2 7.5 2.5 2 1 3 1 1
6403.8 3547.0 -25.6 180 0 8.3 3.9 5.0 2.5 2 0 2 1 1
6392.2 3606.4 -26.2 61 0 11.2 3.7 7.5 2.5 2 0 3 4 4
6664.0 923.7 23.2 146 0 18.8 15.0 15.0 0.0 0 0 6 2 2
6354.8 1596.2 7.4 179 0 19.6 14.6 5.0 0.0 0 0 2 0 0
6379.3 1514.6 10.4 3 0 13.6 20.4 5.0 0.0 0 1 2 1 1
6547.1 668.2 31.3 40 0 12.2 23.0 12.5 2.5 2 1 5 0 0
6534.3 726.4 30.1 163 0 11.1 15.9 5.0 2.5 2 1 2 4 4
6684.0 -914.6 57.5 308 0 13.1 10.1 7.5 2.5 2 0 3 3 3
6698.0 -923.3 58.3 268 0 10.0 16.1 7.5 2.5 2 1 3 4 4
6766.4 -659.7 57.9 90 0 3.9 4.2 5.0 0.0 0 1 2 4 4
6713.7 -680.2 54.9 331 0 13.9 9.6 7.5 2.5 2 0 3 4 4
6701.2 -652.3 53.9 333 0 16.0 11.3 5.0 2.5 2 0 2 1 1
5230.6 -9288.1 60.2 275 0 24.3 13.3 10.0 2.5 2 0 4 4 4
5320.9 -9302.5 57.1 96 0 13.0 18.0 5.0 2.5 2 1 2 3 3
5294.5 -9346.0 60.5 95 0 19.2 10.3 7.5 2.5 2 0 3 3 3
6606.6 -9461.8 75.2 111 0 7.5 4.2 7.5 0.0 0 0 3 3 3
6614.8 -9458.8 75.6 109 0 3.5 5.8 7.5 2.5 4 1 3 2 2
6572.5 -9464.5 73.8 291 0 3.9 4.0 5.0 2.5 2 1 2 4 4
6598.4 -9457.0 74.9 115 0 4.1 3.9 2.5 2.5 2 0 1 3 3
2527.2 8108.9 -62.1 35 0 6.5 8.8 7.5 2.5 2 1 3 2 2
4318.5 8501.6 -93.4 299 0 3.6 4.8 2.5 2.5 2 1 1 4 4
4406.4 8714.2 -98.2 182 0 6.2 9.9 5.0 2.5 4 1 2 4 4
-59.1 10354.0 -34.6 44 0 10.5 20.6 5.0 2.5 2 1 2 0 0
-118.2 8622.7 -43.9 271 0 15.9 18.7 10.0 2.5 2 1 4 4 4
567.1 8186.2 -48.7 237 0 22.4 12.7 12.5 2.5 2 0 5 5 5
638.2 8374.8 -49.0 270 0 13.9 23.1 10.0 2.5 2 1 4 0 0
634.9 8426.5 -50.0 90 0 9.5 16.4 5.0 2.5 2 1 2 1 1
695.8 8414.4 -50.6 94 0 11.4 20.7 7.5 0.0 0 1 3 5 5
-1923.4 6664.9 -12.6 180 0 24.4 13.1 10.0 2.5 2 0 4 1 1
-1839.3 6894.3 -16.2 310 0 9.5 10.7 5.0 2.5 2 1 2 2 2
-1976.7 6675.6 -11.5 0 0 18.5 9.1 5.0 2.5 2 0 2 5 5
-1570.2 6591.5 -20.1 1 0 9.6 10.0 7.5 2.5 2 1 3 0 0
-1533.2 6539.4 -21.0 0 0 18.7 14.2 10.0 2.5 2 0 4 1 1
-1409.9 6826.8 -25.4 312 0 7.0 5.3 7.5 2.5 2 0 3 1 1
-1689.9 6402.9 -16.4 180 0 8.9 9.1 2.5 2.5 4 1 1 1 1
-1482.6 6858.9 -23.7 71 0 14.2 26.5 7.5 2.5 2 1 3 4 4
-1687.8 6326.0 -16.6 180 0 9.4 12.1 5.0 2.5 2 1 2 0 0
-1563.6 6725.3 -20.8 0 0 12.9 9.8 5.0 2.5 2 0 2 1 1
-1788.0 6384.1 -13.4 0 0 10.3 8.7 5.0 2.5 2 0 2 0 0
-1582.9 6424.0 -19.3 270 0 9.8 9.8 2.5 0.0 0 1 1 3 3
-1588.4 6991.7 -21.6 311 0 10.2 17.1 7.5 0.0 0 1 3 3 3
-1919.7 6403.7 -10.2 180 0 20.7 13.9 5.0 2.5 2 0 2 5 5
-1783.1 6885.0 -17.1 335 0 7.7 12.4 5.0 2.5 2 1 2 4 4
-1493.4 6612.4 -22.7 180 0 9.4 12.8 7.5 2.5 2 1 3 3 3
-1562.1 6439.2 -20.1 270 0 23.4 13.9 12.5 2.5 2 0 5 2 2
-1699.7 6824.6 -18.1 189 0 9.9 16.2 7.5 2.5 2 1 3 0 0
-1436.0 6843.5 -25.3 217 0 16.7 22.0 10.0 0.0 0 1 4 1 1
-1761.4 6549.6 -14.7 0 0 20.9 14.2 10.0 2.5 2 0 4 2 2
-2103.9 6441.2 -7.2 163 0 14.0 8.5 7.5 2.5 2 0 3 5 5
-1834.0 6939.8 -16.8 314 0 12.7 23.0 7.5 0.0 0 1 3 2 2
-1793.4 6689.1 -14.8 0 0 11.2 9.3 7.5 2.5 2 0 3 5 5
-1757.2 6673.4 -15.3 1 0 12.9 23.3 7.5 2.5 4 1 3 3 3
-1930.5 6835.1 -14.3 180 0 16.9 14.7 10.0 2.5 2 0 4 0 0
-1493.5 6833.8 -23.2 45 0 12.7 9.6 5.0 2.5 2 0 2 5 5
-1703.3 6794.5 -17.8 180 0 19.0 21.0 10.0 0.0 0 1 4 1 1
-1899.2 6734.1 -13.6 181 0 5.3 9.2 7.5 2.5 2 1 3 2 2
-1549.4 6582.6 -20.7 0 0 33.1 12.2 10.0 2.5 2 0 4 5 5
-1710.2 6667.1 -17.2 180 0 9.7 24.5 7.5 2.5 2 1 3 4 4
-2069.2 6595.2 -9.3 90 0 24.9 11.0 7.5 2.5 2 0 3 5 5
-1546.7 6742.1 -21.3 0 0 21.6 14.0 10.0 2.5 2 0 4 1 1
-1758.6 6587.5 -14.9 0 0 11.3 16.8 7.5 2.5 2 1 3 3 3
-2129.1 6411.4 -7.2 233 0 28.5 11.3 7.5 2.5 2 0 3 0 0
-2108.9 6591.4 -8.6 94 0 19.6 12.4 7.5 2.5 2 0 3 4 4
-1707.0 6351.2 -16.1 180 0 13.1 13.9 7.5 2.5 2 1 3 1 1
-1466.7 6761.6 -23.9 205 0 11.0 8.7 7.5 2.5 2 0 3 5 5
-1561.7 6535.8 -20.2 0 0 13.4 13.8 7.5 2.5 2 1 3 1 1
-1901.0 6753.1 -13.8 180 0 10.8 7.4 2.5 2.5 2 0 1 2 2
-1619.9 7019.6 -21.4 311 0 21.2 17.0 7.5 2.5 2 0 3 1 1
-1709.9 6708.4 -17.0 180 0 24.5 12.8 7.5 2.5 2 0 3 0 0
-1911.7 7049.8 -17.0 90 0 15.7 25.8 10.0 2.5 2 1 4 0 0
-2080.6 6327.4 -7.7 90 0 17.8 14.8 7.5 0.0 0 0 3 1 1
-1489.9 6536.4 -22.6 181 0 20.2 14.6 10.0 2.5 2 0 4 2 2
-2047.6 6334.4 -8.0 90 0 11.0 9.4 5.0 2.5 2 0 2 4 4
