-2845.8 6070.3 14.7 181 0 15.0 19.8 5.0 2.5 2 1 2 0 0
-2779.5 5780.6 23.5 359 0 24.6 14.2 12.5 2.5 2 0 5 1 1
-2716.5 5177.7 -7.7 89 0 13.8 17.0 2.5 2.5 2 1 1 1 1
-2719.1 5845.9 18.2 180 0 5.4 10.1 5.0 0.0 0 1 2 3 3
-2719.1 5834.9 18.8 180 0 5.4 10.1 7.5 2.5 2 1 3 3 3
-2718.9 5824.3 19.3 180 0 5.4 10.1 5.0 2.5 2 1 2 3 3
-2727.1 5846.1 18.9 0 0 5.4 10.1 2.5 2.5 2 1 1 1 1
-2726.5 5890.6 17.6 0 0 5.4 10.1 5.0 2.5 2 1 2 3 3
-2770.6 5858.2 20.2 0 0 5.4 10.1 5.0 2.5 2 1 2 0 0
-2769.7 5902.0 19.2 0 0 5.4 10.1 7.5 2.5 2 1 3 1 1
-2770.6 5825.1 21.5 0 0 5.4 10.1 7.5 2.5 2 1 3 3 3
-2762.7 5835.4 20.3 180 0 5.4 10.1 7.5 2.5 2 1 3 0 0
-2757.5 5822.1 20.8 90 0 10.1 5.4 2.5 2.5 2 0 1 3 3
-340.5 5141.1 -15.0 53 0 15.1 29.6 12.5 2.5 4 1 5 2 2
-399.7 5096.6 -17.4 55 0 14.8 29.7 12.5 2.5 2 1 5 3 3
-549.6 4233.0 -28.2 72 0 3.8 4.2 5.0 2.5 2 1 2 2 2
-2697.4 5187.2 -8.0 360 0 11.3 10.7 7.5 2.5 4 0 3 3 3
-2719.0 5857.4 17.6 180 0 5.4 10.1 2.5 2.5 2 1 1 5 5
-2718.1 5901.2 16.6 180 0 5.4 10.1 7.5 2.5 4 1 3 5 5
-2726.8 5868.2 18.1 0 0 5.4 10.1 7.5 2.5 2 1 3 4 4
-2727.1 5835.1 19.4 0 0 5.4 10.1 7.5 2.5 2 1 3 5 5
-2726.1 5901.5 17.3 0 0 5.4 10.1 7.5 0.0 0 1 3 5 5
-2770.4 5868.8 20.0 0 0 5.4 10.1 5.0 2.5 2 1 2 3 3
-2770.2 5880.1 19.7 0 0 5.4 10.1 2.5 2.5 2 1 1 1 1
-2761.6 5901.7 18.4 180 0 5.4 10.1 5.0 2.5 2 1 2 1 1
-2762.1 5890.8 18.7 180 0 5.4 10.1 7.5 2.5 2 1 3 2 2
-2762.7 5846.4 19.7 180 0 5.4 10.1 7.5 2.5 2 1 3 1 1
-2732.6 5759.5 22.8 203 0 8.5 27.8 7.5 2.5 2 1 3 0 0
-2719.0 5742.6 23.5 111 0 7.3 4.9 5.0 0.0 0 0 2 4 4
-2647.4 5800.4 18.1 117 0 4.0 4.9 5.0 2.5 2 1 2 5 5
-2718.8 5868.0 17.3 180 0 5.4 10.1 7.5 2.5 2 1 3 4 4
-2718.6 5879.3 17.1 180 0 5.4 10.1 5.0 2.5 2 1 2 0 0
-2727.0 5857.6 18.4 0 0 5.4 10.1 2.5 2.5 2 1 1 5 5
-2726.6 5879.5 17.9 0 0 5.4 10.1 5.0 2.5 2 1 2 2 2
-2770.7 5846.7 20.5 0 0 5.4 10.1 7.5 2.5 2 1 3 0 0
-2762.2 5879.7 18.9 180 0 5.4 10.1 2.5 2.5 2 1 1 0 0
-2762.3 5868.4 19.2 180 0 5.4 10.1 5.0 2.5 2 1 2 4 4
-311.6 5163.2 -14.1 53 0 15.2 30.1 12.5 2.5 2 1 5 3 3
-369.9 5118.4 -16.0 53 0 14.3 30.7 12.5 0.0 0 1 5 4 4
-2718.5 5890.3 16.8 180 0 5.4 10.1 7.5 2.5 2 1 3 4 4
-2770.7 5835.7 20.9 0 0 5.4 10.1 5.0 2.5 2 1 2 1 1
-2732.0 5821.8 19.9 90 0 10.1 5.4 7.5 2.5 2 0 3 0 0
-2762.6 5857.8 19.4 180 0 5.4 10.1 7.5 2.5 4 1 3 4 4
-2770.1 5891.2 19.5 0 0 5.4 10.1 7.5 2.5 2 1 3 0 0
-2853.4 6055.8 15.8 271 0 5.6 11.9 5.0 2.5 2 1 2 1 1
