-140.6 9795.1 -85.3 0 0 20.3 18.5 5.0 2.5 2 0 2 5 5
-52.5 10003.7 -87.0 267 0 9.5 10.7 7.5 2.5 2 1 3 2 2
-17.5 9955.6 -86.1 229 0 8.0 15.4 2.5 2.5 2 1 1 4 4
-51.5 9925.3 -86.0 270 0 5.4 23.5 7.5 2.5 2 1 3 0 0
-72.7 9967.6 -86.7 200 0 3.6 4.4 7.5 2.5 2 1 3 4 4
-140.9 9839.4 -85.7 34 0 4.0 5.7 5.0 2.5 2 1 2 1 1
149.3 10343.0 -90.6 5 0 12.1 12.6 2.5 2.5 2 1 1 0 0
183.5 10320.8 -89.7 260 0 5.6 23.7 5.0 2.5 2 1 2 1 1
112.1 10660.7 -94.1 54 0 13.1 11.8 5.0 2.5 2 0 2 5 5
119.1 10647.5 -93.8 145 0 18.5 9.9 7.5 2.5 2 0 3 3 3
77.3 10645.5 -94.1 46 0 8.4 5.4 7.5 2.5 2 0 3 3 3
249.7 10544.1 -92.4 108 0 12.0 28.4 10.0 2.5 2 1 4 4 4
477.8 10317.2 -86.8 247 0 15.0 16.5 7.5 2.5 2 1 3 1 1
444.5 10337.8 -87.5 162 0 19.2 10.8 5.0 2.5 2 0 2 5 5
395.2 10291.9 -87.3 69 0 4.2 10.2 5.0 2.5 2 1 2 3 3
-162.3 10914.7 -100.6 59 0 5.6 20.6 5.0 2.5 2 1 2 5 5
-288.1 10787.3 -99.3 265 0 9.9 9.7 5.0 2.5 2 0 2 5 5
-240.6 10749.1 -98.5 355 0 19.4 9.0 7.5 2.5 2 0 3 3 3
773.7 10154.5 -82.8 340 0 12.7 27.0 10.0 2.5 2 1 4 3 3
723.7 10194.8 -83.7 337 0 3.6 7.1 5.0 2.5 2 1 2 0 0
808.0 10101.3 -81.4 254 0 3.6 6.6 2.5 2.5 2 1 1 0 0
811.1 10105.9 -81.5 168 0 9.6 16.7 5.0 2.5 2 1 2 2 2
619.9 9814.3 -79.9 108 0 9.7 24.9 7.5 2.5 2 1 3 1 1
611.3 9802.4 -79.7 22 0 3.2 5.5 7.5 2.5 2 1 3 3 3
609.7 9797.8 -79.6 22 0 3.2 5.5 7.5 2.5 2 1 3 5 5
606.2 9795.7 -79.6 292 0 5.5 3.2 5.0 0.0 0 0 2 1 1
1003.8 10269.7 -81.8 317 0 19.7 9.0 5.0 2.5 2 0 2 2 2
1025.2 10254.6 -81.3 53 0 4.2 5.5 7.5 2.5 2 1 3 5 5
1141.4 9875.1 -74.4 76 0 4.4 17.1 2.5 2.5 2 1 1 4 4
1520.7 10817.6 -81.6 178 0 13.9 15.0 5.0 2.5 2 1 2 2 2
1543.7 10850.1 -81.5 178 0 14.7 12.5 7.5 2.5 2 0 3 3 3
1566.6 10887.1 -82.5 179 0 6.7 5.3 2.5 2.5 2 0 1 4 4
1581.9 10918.6 -83.4 270 0 5.3 13.5 5.0 2.5 2 1 2 4 4
2048.6 10210.8 -73.6 94 0 12.7 19.5 7.5 0.0 0 1 3 2 2
2106.0 9943.4 -69.6 352 0 36.6 9.1 7.5 2.5 2 0 3 3 3
2160.9 9938.3 -69.3 90 0 17.4 18.7 7.5 2.5 2 1 3 5 5
2193.4 10148.4 -72.0 83 0 21.7 11.5 10.0 2.5 2 0 4 4 4
2252.3 10187.1 -72.3 83 0 4.5 10.3 7.5 2.5 4 1 3 2 2
1737.8 9674.0 -65.9 187 0 20.0 9.5 7.5 2.5 2 0 3 2 2
1677.0 9682.8 -66.2 245 0 17.8 9.1 5.0 2.5 2 0 2 5 5
2596.0 9321.6 -55.8 100 0 27.8 18.7 7.5 2.5 2 0 3 3 3
2565.0 9235.4 -54.3 138 0 10.5 22.0 5.0 2.5 2 1 2 2 2
2348.2 8999.3 -52.6 22 0 23.7 19.1 10.0 0.0 0 0 4 2 2
2294.7 9036.5 -52.9 247 0 3.8 15.0 7.5 2.5 2 1 3 2 2
2319.4 9035.3 -52.9 246 0 5.9 7.0 7.5 2.5 2 1 3 1 1
2315.5 9004.4 -52.5 68 0 4.3 8.6 7.5 2.5 2 1 3 0 0
2145.7 9017.9 -52.9 135 0 10.3 21.1 7.5 0.0 0 1 3 5 5
2147.6 9097.0 -53.9 199 0 5.0 7.7 7.5 2.5 2 1 3 1 1
2186.2 9038.1 -53.0 165 0 7.1 3.9 7.5 2.5 2 0 3 2 2
2120.9 9048.9 -53.3 45 0 3.4 10.9 7.5 2.5 2 1 3 0 0
2123.2 9057.9 -53.4 57 0 5.5 6.9 5.0 2.5 2 1 2 5 5
1943.1 8990.7 -53.6 233 0 17.7 8.0 5.0 2.5 2 0 2 4 4
-6406.9 3603.1 -76.1 329 0 7.0 10.2 7.5 2.5 4 1 3 5 5
-6407.4 3576.8 -76.0 63 0 8.8 17.0 5.0 2.5 2 1 2 1 1
-5738.0 3591.5 -66.9 358 0 11.9 9.1 2.5 2.5 4 0 1 1 1
-5716.0 3619.5 -66.8 89 0 4.3 10.8 7.5 2.5 2 1 3 1 1
-5718.0 3600.7 -66.5 178 0 6.2 12.1 7.5 2.5 2 1 3 5 5
-645.2 -5887.4 73.4 316 0 10.7 11.4 5.0 2.5 2 1 2 3 3
-635.4 -5898.2 73.0 248 0 17.0 13.0 2.5 2.5 2 0 1 2 2
-674.6 -5855.1 74.0 283 0 6.6 8.1 2.5 2.5 2 1 1 5 5
-294.6 -6364.8 74.7 147 0 21.3 12.7 10.0 2.5 2 0 4 4 4
-6121.9 -427.0 -6.9 244 0 13.8 21.5 10.0 2.5 2 1 4 4 4
-6078.0 -418.5 -5.7 263 0 11.2 16.6 5.0 2.5 2 1 2 4 4
-6349.5 -236.1 -14.6 336 0 17.4 4.8 7.5 2.5 2 0 3 2 2
-6361.9 -251.3 -15.6 66 0 15.6 18.6 15.0 0.0 0 1 6 0 0
-6828.1 -499.6 -14.7 165 0 21.4 12.2 10.0 2.5 2 0 4 1 1
-6842.0 -1201.2 3.0 170 0 42.3 71.6 12.5 0.0 0 1 5 2 2
-6467.7 -1177.0 3.4 39 0 12.5 11.5 7.5 2.5 2 0 3 1 1
-6525.9 -1220.3 5.2 115 0 7.4 9.6 7.5 2.5 4 1 3 2 2
-6517.9 -1220.3 5.4 205 0 11.1 19.5 5.0 2.5 2 1 2 1 1
-3708.6 -413.7 27.6 101 0 13.6 25.8 7.5 2.5 4 1 3 2 2
-3735.9 -364.3 26.6 6 0 20.5 16.2 7.5 2.5 2 0 3 0 0
-3625.5 -906.0 27.3 187 0 12.5 19.4 5.0 2.5 2 1 2 5 5
-3547.2 -1269.9 44.4 88 0 13.2 29.2 10.0 0.0 0 1 4 4 4
-3600.1 -1299.2 44.7 335 0 24.3 55.0 12.5 0.0 0 1 5 1 1
-3063.5 -1302.4 60.5 163 0 16.0 23.1 7.5 2.5 2 1 3 2 2
-3042.4 -1351.6 61.0 4 0 4.3 3.7 2.5 0.0 0 0 1 0 0
-3425.9 -440.2 23.9 208 0 20.1 23.0 10.0 0.0 0 1 4 0 0
-3551.0 -2250.5 63.4 358 0 28.3 13.8 7.5 2.5 2 0 3 4 4
-3544.2 -2181.8 59.3 17 0 13.1 31.3 10.0 2.5 2 1 4 2 2
-3503.0 -2134.4 59.7 292 0 8.3 5.3 7.5 2.5 2 0 3 5 5
-3529.2 -1568.0 57.7 357 0 6.0 6.6 7.5 2.5 4 1 3 1 1
-3575.0 -1500.7 54.4 357 0 14.4 24.9 15.0 0.0 0 1 6 5 5
-2966.0 -2187.8 77.3 94 0 11.6 16.8 7.5 2.5 2 1 3 3 3
-2990.0 -2171.5 76.7 272 0 4.3 8.2 7.5 2.5 2 1 3 0 0
-2990.5 -2237.5 76.3 182 0 8.2 4.3 5.0 2.5 2 0 2 0 0
-2852.9 -2231.7 71.8 265 0 22.8 11.7 12.5 2.5 2 0 5 4 4
-6907.9 -9499.0 11.4 242 0 15.0 25.9 10.0 0.0 0 1 4 2 2
-412.8 9701.4 -86.2 78 0 7.6 14.3 7.5 2.5 2 1 3 3 3
2878.6 9532.7 -57.7 105 0 10.0 12.3 5.0 2.5 2 1 2 3 3
2895.6 9502.9 -57.0 214 0 11.1 21.1 2.5 2.5 2 1 1 3 3
2924.6 9506.8 -56.7 302 0 8.4 9.7 7.5 2.5 2 1 3 2 2
3544.1 10639.3 -53.9 303 0 14.9 9.3 5.0 2.5 2 0 2 1 1
3969.5 10602.9 -49.0 100 0 14.2 20.4 15.0 0.0 0 1 6 0 0
3955.9 10648.6 -50.1 187 0 11.3 9.7 2.5 2.5 2 0 1 2 2
4001.9 10683.1 -51.0 352 0 12.6 10.3 5.0 2.5 2 0 2 3 3
3904.5 10567.2 -49.0 86 0 9.5 17.1 7.5 2.5 2 1 3 0 0
3901.6 10545.8 -48.7 357 0 10.0 12.7 5.0 2.5 2 1 2 0 0
593.9 9113.9 -72.3 353 0 10.8 25.7 10.0 2.5 2 1 4 3 3
616.5 9124.1 -71.6 265 0 10.4 9.8 5.0 2.5 4 0 2 3 3
125.8 10717.4 -94.8 312 0 8.9 7.2 7.5 2.5 2 0 3 0 0
5032.0 4915.9 87.4 360 0 5.1 10.2 7.5 2.5 2 1 3 4 4
2894.5 8675.8 -40.4 247 0 11.0 11.5 2.5 2.5 2 1 1 5 5
2920.7 8673.5 -40.1 251 0 8.6 13.0 7.5 2.5 2 1 3 5 5
1723.0 9021.3 -56.1 28 0 22.9 14.5 10.0 2.5 2 0 4 0 0
1645.3 8993.4 -56.6 88 0 10.0 13.2 5.0 2.5 2 1 2 1 1
1692.1 8995.1 -56.1 88 0 7.4 14.6 7.5 2.5 2 1 3 1 1
1710.5 9003.4 -56.0 359 0 12.9 8.1 5.0 0.0 0 0 2 4 4
3142.2 9095.9 -47.7 91 0 16.9 16.5 12.5 0.0 0 0 5 2 2
3225.8 9107.1 -47.4 41 0 23.2 13.6 7.5 2.5 2 0 3 0 0
4395.0 9198.8 -20.5 284 0 5.6 26.5 7.5 2.5 2 1 3 1 1
4409.9 9185.9 -20.0 286 0 6.8 17.2 5.0 2.5 2 1 2 0 0
4397.2 9141.5 -19.9 105 0 5.2 20.8 2.5 2.5 2 1 1 4 4
4385.8 9256.7 -21.6 282 0 8.2 8.6 7.5 2.5 2 1 3 3 3
4439.9 9196.6 -19.6 108 0 8.8 8.6 5.0 2.5 2 0 2 4 4
4457.6 9177.6 -19.0 107 0 8.3 15.1 7.5 2.5 2 1 3 4 4
4456.6 9173.6 -18.8 289 0 6.2 10.8 7.5 2.5 2 1 3 4 4
6406.1 9101.0 -2.7 111 0 26.9 16.0 7.5 2.5 2 0 3 1 1
6470.5 9082.0 -1.6 102 0 11.7 14.4 5.0 2.5 2 1 2 4 4
3324.6 8730.3 -37.6 279 0 18.3 18.6 10.0 2.5 2 1 4 3 3
