-6894.3 8791.3 -8.8 89 0 12.7 23.5 7.5 2.5 2 1 3 3 3
-6903.4 8864.7 -9.2 180 0 11.2 34.2 10.0 2.5 2 1 4 2 2
-6903.0 8832.9 -9.0 179 0 18.0 10.3 5.0 0.0 0 0 2 0 0
-6848.6 8793.0 -8.8 90 0 15.2 10.5 7.5 2.5 2 0 3 1 1
-6923.0 8838.5 -9.0 180 0 9.5 13.5 5.0 2.5 2 1 2 4 4
-6934.0 8905.3 -9.3 91 0 19.0 13.1 2.5 2.5 2 0 1 5 5
-6872.8 10868.9 -17.3 358 0 12.4 17.8 5.0 2.5 2 1 2 2 2
-6730.0 8154.1 -4.5 91 0 7.9 7.2 5.0 2.5 2 0 2 1 1
-6706.1 8148.3 -4.4 91 0 19.2 15.9 10.0 2.5 2 0 4 5 5
-6860.3 8698.8 -8.3 1 0 9.1 11.7 5.0 2.5 2 1 2 3 3
