-5462.7 -8228.3 -1.5 126 0 9.8 19.0 2.5 2.5 2 1 1 5 5
6554.4 8349.8 -35.8 273 0 18.5 51.0 10.0 2.5 2 1 4 5 5
6704.2 8171.1 -33.6 181 0 18.6 35.7 7.5 0.0 0 1 3 5 5
6600.3 8235.1 -35.1 91 0 18.5 46.5 7.5 0.0 0 1 3 1 1
5873.6 7864.7 -37.0 193 0 7.0 31.9 7.5 2.5 2 1 3 2 2
6384.5 9399.5 -40.0 269 0 12.8 24.6 10.0 2.5 2 1 4 3 3
6356.0 9153.1 -38.9 185 0 19.6 13.3 7.5 2.5 2 0 3 0 0
6226.2 9149.3 -39.6 191 0 18.5 9.5 5.0 2.5 2 0 2 5 5
6420.0 9331.0 -39.5 90 0 13.2 9.6 5.0 2.5 2 0 2 2 2
6159.5 8942.7 -38.9 190 0 24.1 12.0 10.0 2.5 2 0 4 4 4
6221.1 9049.6 -38.9 189 0 21.2 15.6 12.5 2.5 2 0 5 2 2
6847.1 8934.3 -36.6 92 0 6.4 9.9 7.5 2.5 2 1 3 5 5
6835.9 8902.4 -36.4 271 0 8.3 12.0 2.5 2.5 2 1 1 0 0
6713.1 7845.0 -32.0 108 0 10.4 23.2 7.5 2.5 4 1 3 5 5
6758.6 8394.3 -34.2 269 0 9.2 10.0 7.5 2.5 2 1 3 2 2
6524.3 10241.9 -43.4 95 0 5.9 15.2 5.0 2.5 2 1 2 4 4
6422.3 10007.3 -41.4 11 0 52.4 19.7 10.0 2.5 4 0 4 2 2
6209.8 8468.8 -37.0 1 0 12.8 18.6 14.0 3.5 2 1 4 5 5
6372.4 8209.5 -36.0 179 0 17.6 9.2 5.0 2.5 2 0 2 3 3
6363.4 8191.6 -36.0 180 0 15.7 24.4 10.0 2.5 2 1 4 2 2
6249.0 8364.5 -36.7 91 0 13.3 8.1 10.5 3.5 2 0 3 3 3
6166.7 8235.3 -36.5 1 0 10.3 21.7 2.5 2.5 2 1 1 5 5
6100.6 8175.0 -36.5 92 0 10.5 28.7 10.0 2.5 2 1 4 2 2
6033.7 7767.5 -35.6 1 0 11.2 25.1 7.5 2.5 2 1 3 4 4
5599.4 9025.6 -43.5 181 0 14.9 22.5 7.5 2.5 2 1 3 1 1
5965.7 9124.4 -41.6 97 0 19.5 17.0 7.5 2.5 2 0 3 1 1
5943.0 8910.4 -41.2 0 0 9.6 13.3 7.5 2.5 2 1 3 3 3
6002.5 8496.5 -37.8 10 0 22.2 12.2 10.0 2.5 2 0 4 5 5
6031.5 8643.2 -38.2 283 0 31.8 33.3 7.5 0.0 0 1 3 3 3
6039.0 8599.8 -38.2 12 0 12.4 30.8 10.0 2.5 4 1 4 5 5
5998.7 8630.8 -38.3 193 0 31.5 12.4 10.0 2.5 2 0 4 5 5
6131.7 8695.3 -38.1 10 0 18.7 12.3 5.0 2.5 2 0 2 1 1
6140.8 8820.3 -38.6 190 0 67.1 11.0 5.0 2.5 2 0 2 4 4
6201.9 8784.0 -38.1 100 0 12.9 26.2 10.0 2.5 2 1 4 4 4
6371.6 8799.8 -38.1 100 0 24.0 41.3 10.0 0.0 0 1 4 2 2
6063.8 8948.6 -39.4 179 0 22.8 14.5 7.5 2.5 2 0 3 3 3
6238.5 8949.8 -38.7 102 0 15.3 17.8 10.0 0.0 0 1 4 4 4
6214.5 8903.5 -38.6 101 0 14.6 11.6 7.5 2.5 2 0 3 0 0
6807.4 8581.0 -34.9 90 0 9.2 13.9 5.0 2.5 2 1 2 2 2
6772.7 7837.9 -31.4 90 0 15.6 9.0 7.5 2.5 2 0 3 2 2
6535.0 9301.9 -39.0 269 0 9.1 10.2 7.5 2.5 4 1 3 1 1
6401.8 9298.0 -39.3 270 0 8.9 15.3 7.5 2.5 2 1 3 3 3
5617.3 8033.4 -40.6 9 0 12.2 9.6 5.0 2.5 2 0 2 4 4
6036.2 8587.1 -38.2 12 0 12.1 30.6 7.5 2.5 2 1 3 4 4
5906.0 7925.0 -37.2 283 0 17.1 48.1 5.0 2.5 2 1 2 5 5
6359.6 9397.4 -40.1 269 0 6.9 12.6 2.5 0.0 0 1 1 2 2
6071.1 8918.6 -39.4 182 0 12.7 28.4 7.5 0.0 0 1 3 3 3
6421.2 9298.9 -39.2 270 0 8.9 16.4 2.5 2.5 2 1 1 3 3
6105.6 8253.0 -36.5 182 0 9.9 11.4 7.5 2.5 2 1 3 3 3
6080.4 8175.3 -36.5 92 0 9.7 28.7 7.5 0.0 0 1 3 5 5
5587.2 9011.7 -43.5 2 0 12.2 7.0 7.5 2.5 2 0 3 1 1
6073.8 8770.5 -38.8 9 0 39.4 20.9 10.0 0.0 0 0 4 4 4
6170.5 8791.4 -38.1 191 0 9.3 25.0 7.5 2.5 2 1 3 3 3
1907.6 -6667.7 12.6 93 0 17.0 13.8 5.0 2.5 2 0 2 5 5
-1663.6 -4362.4 -9.7 262 0 12.6 9.0 5.0 2.5 2 0 2 1 1
-1620.9 -4370.6 -9.9 81 0 31.3 10.5 10.0 2.5 2 0 4 5 5
-2978.5 -4807.5 2.2 133 0 5.5 13.3 7.5 0.0 0 1 3 0 0
-1701.1 -4380.9 -9.7 167 0 23.6 17.7 10.0 2.5 4 0 4 2 2
-5124.7 -8256.7 -4.1 69 0 24.7 20.5 7.5 2.5 2 0 3 4 4
-3833.9 -6897.0 -5.0 315 0 30.9 12.8 5.0 2.5 2 0 2 5 5
-1627.7 -4330.0 -9.9 261 0 29.6 10.0 10.0 2.5 4 0 4 5 5
6478.8 9463.6 -40.1 270 0 12.4 16.0 5.0 2.5 2 1 2 4 4
6299.0 9104.0 -39.1 280 0 17.2 49.7 7.5 2.5 2 1 3 2 2
6377.4 9738.9 -41.1 270 0 18.9 61.1 7.5 0.0 0 1 3 0 0
6936.3 8918.7 -36.6 272 0 9.0 14.2 5.0 0.0 0 1 2 1 1
6937.0 8580.3 -34.9 90 0 8.1 19.7 7.5 2.5 2 1 3 5 5
6920.3 8575.0 -34.8 91 0 12.6 12.9 7.5 2.5 2 1 3 2 2
6778.7 7767.3 -31.1 2 0 17.3 24.1 10.0 2.5 2 1 4 1 1
6551.7 10305.1 -43.9 280 0 15.5 36.0 10.0 2.5 2 1 4 1 1
6138.1 8216.8 -36.5 1 0 11.0 11.8 5.0 2.5 2 1 2 1 1
5982.6 7685.5 -35.3 91 0 13.1 30.0 10.0 2.5 2 1 4 0 0
1594.4 -7579.7 30.0 86 0 16.2 14.4 10.0 2.5 4 0 4 0 0
-584.8 -2707.1 -13.7 103 0 10.7 17.1 5.0 2.5 2 1 2 1 1
6738.1 8393.8 -34.3 269 0 11.3 13.0 5.0 2.5 2 1 2 3 3
6900.3 8597.6 -34.9 180 0 9.4 21.3 7.5 2.5 2 1 3 4 4
6819.5 8580.0 -34.8 89 0 10.2 12.9 7.5 2.5 4 1 3 0 0
6607.6 7947.5 -33.4 180 0 15.2 12.0 5.0 2.5 2 0 2 3 3
6779.7 8440.2 -34.4 358 0 8.4 15.6 2.5 2.5 4 1 1 3 3
-559.0 -2930.1 -14.2 0 0 17.0 20.8 7.5 2.5 2 1 3 5 5
-1611.0 -4347.3 -9.8 350 0 9.1 28.5 7.5 2.5 2 1 3 4 4
-3859.9 -6865.8 -4.7 310 0 12.3 9.2 7.5 2.5 2 0 3 1 1
