3339.2 -10635.5 -22.1 178 0 61.0 45.2 10.5 0.0 0 0 3 1 1
3662.8 -10336.7 -25.7 268 0 23.3 12.2 14.0 3.5 2 0 4 2 2
3476.0 -10624.6 -23.0 358 0 46.0 61.7 10.5 0.0 0 1 3 2 2
3407.3 -10354.6 -23.0 179 0 19.7 30.7 10.5 0.0 0 1 3 2 2
3459.7 -10420.1 -23.0 357 0 15.3 48.6 14.0 3.5 4 1 4 2 2
3478.3 -10739.1 -23.0 268 0 17.8 30.0 14.0 3.5 2 1 4 4 4
3796.1 -10293.3 -27.9 87 0 37.6 19.8 10.5 0.0 0 0 3 5 5
3892.7 -9201.3 -31.8 183 0 7.6 13.2 7.5 2.5 2 1 3 2 2
3876.7 -9188.5 -31.9 183 0 9.8 29.4 7.5 2.5 2 1 3 4 4
3936.9 -9317.9 -32.3 88 0 31.5 92.0 10.0 0.0 0 1 4 0 0
3981.0 -9144.6 -33.0 23 0 18.7 18.4 5.0 2.5 2 0 2 4 4
6431.3 -8449.9 -33.8 91 0 12.9 19.5 14.0 3.5 2 1 4 1 1
2038.4 4729.8 1.8 0 0 65.2 14.5 7.5 2.5 2 0 3 0 0
2037.6 4540.1 2.6 0 0 67.6 14.0 7.5 2.5 2 0 3 1 1
2036.9 4918.9 1.0 0 0 69.0 13.6 10.0 2.5 2 0 4 5 5
1739.7 4918.4 2.3 1 0 65.7 18.8 7.5 2.5 2 0 3 3 3
1888.6 4540.4 3.7 1 0 65.7 16.9 10.0 2.5 2 0 4 3 3
1888.6 4728.7 2.8 2 0 63.8 17.4 10.0 0.0 0 0 4 4 4
1735.5 4730.9 3.3 360 0 66.2 15.9 10.0 2.5 2 0 4 1 1
1728.3 4575.5 4.4 271 0 14.0 65.2 7.5 2.5 2 1 3 5 5
1059.0 5256.4 -0.4 0 0 13.3 30.0 10.0 2.5 2 1 4 3 3
1059.1 5163.7 0.6 360 0 13.1 29.9 12.5 2.5 4 1 5 5 5
2032.6 5140.7 -0.1 270 0 13.5 65.7 7.5 2.5 2 1 3 5 5
1878.8 5141.2 0.3 269 0 12.5 68.0 7.5 2.5 2 1 3 3 3
1886.3 4916.5 1.8 0 0 64.3 15.0 5.0 0.0 0 0 2 3 3
-6538.0 6107.2 29.1 273 0 10.7 11.5 2.5 2.5 2 1 1 0 0
-6483.2 6139.5 28.6 90 0 12.1 9.0 2.5 0.0 0 0 1 0 0
-6473.1 6111.9 28.7 268 0 6.4 7.6 5.0 2.5 2 1 2 2 2
-3674.0 5715.3 20.4 92 0 8.8 21.2 7.5 2.5 2 1 3 1 1
-3717.3 5770.0 20.3 181 0 6.0 17.5 7.5 2.5 2 1 3 3 3
-3707.4 5801.8 20.2 271 0 10.9 17.2 5.0 0.0 0 1 2 5 5
-3109.4 6117.6 17.1 360 0 22.3 29.7 10.0 0.0 0 1 4 1 1
-3238.6 6251.7 16.9 1 0 14.8 5.1 2.5 2.5 2 0 1 2 2
-3247.5 6186.0 17.2 178 0 3.4 12.0 5.0 2.5 2 1 2 5 5
-3218.7 6131.8 17.3 92 0 10.0 18.4 7.5 2.5 2 1 3 4 4
-3332.2 6027.7 18.1 91 0 7.9 19.2 7.5 0.0 0 1 3 2 2
-3348.8 6026.1 18.1 89 0 7.5 21.4 7.5 2.5 4 1 3 3 3
-3366.8 6026.9 18.2 90 0 6.5 20.4 5.0 2.5 2 1 2 4 4
-3491.9 6126.2 18.1 181 0 8.7 17.9 2.5 2.5 2 1 1 4 4
-3491.6 6150.7 18.0 180 0 8.6 17.7 7.5 2.5 4 1 3 2 2
-3491.5 6174.2 17.9 181 0 8.7 17.4 7.5 2.5 2 1 3 3 3
-3490.8 6197.8 17.8 181 0 8.3 18.0 2.5 2.5 2 1 1 5 5
-3634.9 6113.9 18.6 359 0 25.1 18.2 10.0 2.5 4 0 4 4 4
-3636.4 5958.8 19.2 93 0 22.9 12.8 7.5 2.5 2 0 3 2 2
-3643.3 5934.3 19.4 273 0 15.2 9.0 5.0 2.5 4 0 2 2 2
-3644.3 5718.6 20.0 92 0 25.6 77.8 7.5 0.0 0 1 3 5 5
-3764.4 5805.5 20.3 360 0 19.5 7.5 2.5 2.5 2 0 1 3 3
-3743.9 5799.3 20.2 180 0 30.3 19.1 10.0 2.5 2 0 4 2 2
-3760.6 5877.0 20.0 1 0 14.4 20.6 10.0 2.5 2 1 4 2 2
-3769.2 5899.8 19.9 3 0 14.1 12.1 7.5 2.5 2 0 3 2 2
-3798.8 5925.6 19.9 267 0 11.9 10.5 10.0 2.5 2 0 4 1 1
-3769.3 5930.3 19.8 271 0 22.4 15.2 10.0 2.5 2 0 4 0 0
-3776.1 6027.7 19.3 180 0 10.3 20.8 7.5 2.5 2 1 3 5 5
-3773.8 5993.2 19.4 179 0 17.1 16.3 10.0 2.5 2 0 4 1 1
-3498.6 5784.5 19.6 182 0 17.3 35.0 15.0 0.0 0 1 6 2 2
-3393.1 5943.7 18.4 180 0 105.6 35.9 10.0 0.0 0 0 4 0 0
4328.2 2851.9 -0.7 360 0 32.1 13.6 7.5 2.5 4 0 3 5 5
4123.1 2964.1 -0.3 270 0 60.3 20.2 7.5 2.5 2 0 3 4 4
4078.6 2965.0 -0.1 269 0 18.8 8.2 5.0 2.5 2 0 2 5 5
4078.7 2942.6 0.1 90 0 19.2 7.0 5.0 2.5 2 0 2 1 1
4031.2 2964.1 0.0 269 0 60.5 19.2 7.5 0.0 0 0 3 1 1
4174.5 2870.9 -0.4 90 0 32.4 12.2 10.0 0.0 0 0 4 1 1
4184.0 2909.4 -0.3 270 0 18.2 3.6 5.0 2.5 2 0 2 5 5
4217.7 2965.5 -0.5 269 0 67.8 20.2 7.5 2.5 2 0 3 3 3
4177.5 2957.1 -0.3 269 0 7.2 18.1 5.0 0.0 0 1 2 2 2
4188.0 2933.6 -0.2 270 0 18.5 7.8 2.5 2.5 2 0 1 5 5
4244.0 2898.1 -0.2 359 0 21.8 48.6 7.5 2.5 2 1 3 4 4
4087.0 2879.0 -0.1 180 0 17.4 29.7 10.0 2.5 2 1 4 4 4
4076.7 2833.4 -0.0 91 0 10.0 21.4 7.5 2.5 4 1 3 4 4
4108.6 2833.6 -0.2 89 0 18.3 20.6 10.0 2.5 4 1 4 2 2
3629.2 2393.5 -2.5 272 0 16.5 13.1 10.0 2.5 2 0 4 0 0
3632.1 2371.9 -2.8 1 0 9.6 12.5 7.5 2.5 2 1 3 1 1
4195.4 1916.0 -19.3 89 0 7.7 4.0 7.5 2.5 2 0 3 2 2
3362.1 3624.6 -0.6 90 0 17.5 92.2 7.5 0.0 0 1 3 1 1
3362.1 3838.2 -0.9 270 0 16.5 90.6 10.0 2.5 2 1 4 2 2
3462.8 3796.7 -1.4 0 0 84.7 17.1 7.5 0.0 0 0 3 1 1
3414.3 3745.7 -0.9 90 0 12.6 29.3 12.5 2.5 2 1 5 2 2
3417.1 3624.9 -1.0 90 0 18.2 60.8 7.5 2.5 2 1 3 0 0
3505.2 3471.8 -1.1 178 0 7.3 9.7 2.5 2.5 4 1 1 5 5
3496.7 3433.9 -1.0 178 0 7.9 18.1 7.5 2.5 2 1 3 4 4
3496.8 3424.7 -1.0 179 0 7.2 17.9 5.0 2.5 2 1 2 1 1
3377.8 3427.6 -0.9 180 0 21.1 61.2 15.0 0.0 0 1 6 2 2
4201.8 2832.8 -0.4 90 0 86.5 18.5 10.0 0.0 0 0 4 0 0
4202.4 2799.1 -0.5 270 0 85.5 19.4 10.0 0.0 0 0 4 0 0
4047.8 2743.4 -0.4 180 0 17.6 74.1 10.0 2.5 2 1 4 4 4
3470.5 4923.4 -4.9 270 0 59.7 213.7 12.5 0.0 0 1 5 2 2
3501.4 4554.9 -3.0 0 0 153.0 58.8 7.5 0.0 0 0 3 5 5
3501.2 4356.8 -2.8 0 0 154.1 58.4 12.5 0.0 0 0 5 1 1
3502.0 4158.4 -2.0 360 0 151.6 59.5 10.0 0.0 0 0 4 5 5
3473.6 3883.8 -1.7 90 0 55.3 152.5 7.5 0.0 0 1 3 3 3
3230.7 3624.2 -0.1 90 0 23.1 184.3 12.5 0.0 0 1 5 0 0
3110.9 3686.2 0.1 90 0 54.9 153.3 10.0 0.0 0 1 4 0 0
4198.4 -10274.9 -32.7 178 0 16.8 14.9 10.5 3.5 2 0 3 4 4
6249.0 10124.9 -46.4 66 0 4.9 12.1 7.5 2.5 4 1 3 2 2
6246.9 10177.0 -45.6 326 0 8.4 20.5 7.5 2.5 2 1 3 3 3
-3773.5 6091.6 19.0 180 0 8.1 20.3 5.0 2.5 2 1 2 3 3
-3773.5 6075.4 19.1 180 0 9.2 19.9 5.0 2.5 2 1 2 3 3
-3774.2 6058.8 19.1 180 0 9.1 19.9 2.5 2.5 2 1 1 2 2
-3774.2 6042.6 19.2 180 0 9.1 20.1 7.5 2.5 2 1 3 1 1
