2638.7 3423.3 8.0 275 0 5.1 6.0 2.5 2.5 2 1 1 0 0
2384.8 -1347.6 -28.1 90 0 23.8 15.8 10.0 2.5 2 0 4 5 5
2113.1 -1357.1 -30.1 180 0 8.5 7.5 2.5 2.5 2 0 1 4 4
1959.3 -1268.4 -30.1 70 0 33.4 21.3 10.0 0.0 0 0 4 0 0
2341.0 -1211.2 -29.3 157 0 12.3 31.6 10.0 2.5 2 1 4 0 0
1720.1 -2733.9 12.8 61 0 13.0 30.1 10.0 0.0 0 1 4 1 1
1344.5 -2851.8 9.5 124 0 19.1 16.1 7.5 2.5 2 0 3 1 1
2287.8 -1365.2 -30.0 270 0 5.0 6.8 7.5 2.5 2 1 3 3 3
1287.6 -2876.5 9.0 127 0 13.5 6.5 7.5 2.5 2 0 3 3 3
-2862.8 -4486.4 10.7 208 0 12.8 9.7 7.5 2.5 2 0 3 3 3
-3424.7 -4814.7 26.9 277 0 28.9 15.3 10.0 2.5 2 0 4 1 1
-5502.5 -4575.7 12.3 241 0 7.0 10.9 2.5 2.5 2 1 1 3 3
-3244.9 -4570.7 14.7 156 0 27.6 9.4 7.5 2.5 2 0 3 0 0
-3259.0 -4545.7 14.4 151 0 12.4 9.4 7.5 0.0 0 0 3 1 1
-2943.1 -4610.5 15.2 225 0 12.8 9.3 5.0 2.5 2 0 2 3 3
-3112.9 -4750.5 18.3 66 0 12.7 9.5 7.5 2.5 2 0 3 0 0
-3296.0 -4815.7 22.5 166 0 9.4 12.7 7.5 2.5 2 1 3 3 3
-3179.4 -4564.4 15.0 66 0 41.8 13.4 12.5 0.0 0 0 5 2 2
-3019.7 -4688.0 17.3 326 0 10.3 27.6 7.5 2.5 2 1 3 3 3
-3082.2 -4738.9 18.0 61 0 25.2 8.9 5.0 2.5 2 0 2 2 2
-250.1 -2569.9 -6.2 271 0 8.6 6.2 2.5 0.0 0 0 1 3 3
-272.4 -2575.7 -6.1 92 0 8.0 6.1 7.5 2.5 2 0 3 5 5
-315.3 -2656.3 -5.8 150 0 8.4 12.7 10.5 0.0 0 1 3 5 5
2616.6 3482.3 7.5 186 0 12.7 9.1 7.5 2.5 2 0 3 4 4
-150.9 -2848.7 -2.7 1 0 45.2 32.1 14.0 0.0 0 0 4 5 5
19.4 -2695.9 0.4 42 0 18.2 17.3 14.0 3.5 2 0 4 5 5
-31.3 -2719.9 -0.9 46 0 10.7 10.5 14.0 3.5 2 0 4 3 3
-106.5 -2684.9 -3.0 182 0 17.3 37.5 10.5 0.0 0 1 3 1 1
39.4 -2477.4 -2.4 90 0 23.1 33.9 14.0 0.0 0 1 4 1 1
-30.6 -2576.0 -3.7 2 0 74.4 29.2 10.5 0.0 0 0 3 2 2
-3070.7 -4450.8 12.3 333 0 18.4 76.6 12.5 2.5 2 1 5 1 1
-3191.3 -4506.6 14.4 244 0 75.9 18.3 10.0 2.5 4 0 4 0 0
-2766.9 -4264.8 4.2 297 0 27.5 51.2 7.5 0.0 0 1 3 4 4
-2879.6 -4514.7 11.5 204 0 28.7 15.9 10.0 0.0 0 0 4 5 5
-2957.6 -4641.7 15.9 46 0 28.6 15.7 12.5 2.5 2 0 5 4 4
-3160.5 -4767.2 18.5 157 0 15.7 32.3 7.5 2.5 2 1 3 0 0
-3260.7 -4797.4 19.5 255 0 28.4 15.7 12.5 2.5 2 0 5 5 5
-3457.2 -4812.8 25.9 276 0 12.8 9.8 7.5 2.5 4 0 3 2 2
-2999.1 -4412.2 9.8 83 0 9.5 22.4 7.5 2.5 2 1 3 0 0
