2358.4 2819.3 -35.6 221 0 19.9 19.8 5.0 2.5 2 0 2 5 5
123.1 8026.3 -6.4 92 0 8.9 10.8 7.5 2.5 2 1 3 2 2
96.4 7955.7 -7.6 92 0 15.3 69.8 10.0 2.5 2 0 4 0 0
73.8 7965.9 -7.4 91 0 30.9 112.4 10.0 0.0 0 0 4 2 2
213.2 7992.1 -7.3 90 0 15.5 80.9 10.0 2.5 2 0 4 3 3
-3755.0 8192.7 28.1 1 0 12.0 31.3 7.5 2.5 2 1 3 1 1
-644.7 8022.7 -2.2 342 0 18.6 25.0 10.0 2.5 2 0 4 3 3
97.3 8025.5 -6.5 92 0 15.0 60.4 10.0 2.5 2 0 4 0 0
-1800.9 8153.3 9.6 271 0 18.1 12.1 5.0 2.5 2 0 2 5 5
-685.3 8029.7 -2.0 162 0 19.5 36.6 7.5 0.0 0 0 3 5 5
-20.0 7151.2 -10.4 136 0 12.9 58.7 7.5 2.5 2 1 3 2 2
-51.2 7870.8 -8.2 1 0 61.4 51.3 12.5 0.0 0 0 5 4 4
131.4 7986.6 -7.2 92 0 16.0 24.9 7.5 2.5 2 1 3 1 1
107.7 7190.8 -11.6 316 0 40.3 85.2 12.5 0.0 0 1 5 4 4
683.1 6932.0 -16.6 91 0 19.4 20.1 10.0 2.5 2 1 4 0 0
140.4 8013.3 -6.7 94 0 6.8 16.7 2.5 2.5 2 1 1 5 5
282.3 8012.4 -7.7 90 0 54.8 33.1 10.0 0.0 0 0 4 2 2
-1044.1 3519.8 -15.6 185 0 19.9 20.2 7.5 2.5 2 1 3 5 5
